-0.328889877892385
-0.0858087915703924
-0.554535475583121
-0.0426817650685892
-0.0796247277476421
-0.0857373307390104
-0.0188521722258296
-0.0115296309027997
1.20999264243065
0.0152174071867337
0.0200447022475452
-0.127694600397624
-0.0450631006028868
0.0357816118741116
0.0355476433568142
-0.0264051457321408
0.036077428890749
-0.306897400875819
-0.0804050611459894
-0.061006884315176
-0.0678441102391102
-0.0310291082375125
-0.0773992788827128
-0.142174673096561
-0.0422104162998151
0.0472061535925299
-0.107894787379311
0.0260321511888173
0.043612001941538
-0.0712073300135494
-0.0824399218767991
-0.0288385592445361
-0.0757161586645533
-0.0271765278918466
-0.175277458956555
0.0648310603396018
0.0464232418480819
-0.267280388177206
-0.0144798447541947
-0.0473539883028375
-0.0249914223743206
-0.0147697065597303
-0.00318909223724624
-0.0559858405509213
-0.0393812297292349
0.0282930487026527
-0.259669272951739
-0.0326757922391517
-0.038177730601358
-0.0568333041571229
0.112139143639512
-0.111322666026198
0.0020917864612735
-0.0270509055228961
-0.111246341729301
-0.0366840586633426
0.0635558406115839
-0.0622425846752203
-0.0364583770870573
-0.0301114976364301
-0.80801778081724
-0.108776445568868
-0.0855714269153779
-0.052920765346487
-0.138458201378291
-0.0337731418191382
1.39463592525078
-0.133889342046922
-0.149453689016068
-0.0721850614708983
-0.0678137466085633
-0.0728792161452828
0.0139888227934393
-0.00794921295513823
-0.0354628492728006
0.0888247904952271
-0.0352980050797112
-0.0146790090569307
0.565174035015771
-0.0708771458816207
-0.587826662610706
0.509347538884918
-0.0039976482091715
0.249794922411046
-0.0484550263351253
-0.0759655233856364
-0.10509648308252
-0.500463724627851
-0.0200053763316414
-0.0458314438384423
-0.00507923027351879
0.022448081194997
-0.0281502200937893
-0.190632500605188
-0.0492260725021856
-0.120141406081836
-0.00815615764121315
-0.0713004703208822
0.0319364823755523
0.00316990059102683
