-0.0434660769861811
0.00585360189886387
0.117939265245125
-0.0308897300760717
-0.154301988962933
-0.108164486299471
-0.155078003549591
0.0264501466817977
0.0221293932052265
-0.051043420268974
-0.0265400576561052
-0.104212822432793
-0.0464283068194158
-0.0424428682944086
-0.0244022082750728
-0.500169058678954
1.44335690374239
-0.352634743015354
0.0394568887078022
-0.0271760761558566
-1.45005749588139
-0.118418380077732
-0.0261803684160943
0.285476566969429
-0.136897541994077
-0.0571133994586857
0.0104021777331748
-0.160611016815874
-0.0929658540438385
-0.0900797197106916
-0.0364105912909347
-0.0525406457960342
-0.00745235426716326
-0.0409712206003868
-0.0146038743665503
0.00109244895265383
-0.173124319376143
-0.048522543117821
-0.112701289193227
-0.0376387723028937
-0.0701998799264323
-0.0584065055681502
-0.0215995489245913
0.0299204200256166
-0.0541899396975876
0.0211926501688999
-0.160079075452254
-0.0558638601844674
-0.0573244046580258
-0.751751696150202
-0.267465374079328
-0.0243726455209304
0.00393413980382663
0.0695833355482204
-0.0984414511621697
-0.0811401015934242
-0.0549426579566263
-0.0207802690317892
-0.0109629384203642
-0.0491072367805607
-0.0880869605152527
-0.0135525707258111
-0.039707056578922
0.0608386751078096
0.930408307549679
0.0579978213231367
0.112091083227757
0.373184995378505
-0.0761710286447896
-0.0128466754802423
0.00251424570943042
0.660381598860778
-0.039851415135392
0.0158826633544043
0.059171457463512
-0.063891061523028
0.0233658082461713
-0.0414993620802501
-0.101175610193302
-0.327838745638739
-0.0465574573525405
-0.032104633654849
-0.0459621554832558
0.399201637558172
-0.112061152081739
-0.0134274961509926
0.759680760846627
0.00688968367404703
0.00925666574111474
-0.0673546138030976
-0.0553063202376599
-0.0251329144963951
-0.0958764119081054
1.04135558573594
-0.377279325303956
-0.0591729466131898
-0.0105195562642841
-0.0567326610953882
-0.376977243055371
-0.0235269204961388
0.0733193670525569
-0.0505932365058567
0.150671377093801
-0.0213680729792376
-0.0124301791195327
0.305196390606534
0.00786862088417534
-0.0127075811823819
-0.0270491265605065
-0.028930410162978
-0.0921147798186449
-0.0821624750430293
-0.0117467984921186
-0.0629484718568771
-0.0284849476145656
-0.0518251014041554
-0.117766177333192
-0.263712956715945
-0.00421004254724199
-0.0283617597484062
-0.0297021822271866
-0.00983931772664554
-0.00327909579208896
-0.0243518535012581
0.402738134629343
-0.0382314646727265
0.0663900073238829
0.114552014638143
-0.027645947457734
0.00139753474769318
0.000535882384863601
-0.0684531627453003
-0.186010656445989
-0.0317518259034818
-0.0259665595704555
-0.100896509504681
-0.0243771423735075
-0.0188676437433821
-0.0523337857803597
0.000530972367453142
-0.101828095764927
0.0310524593691309
-0.0803097648282215
-0.0309293403816163
-0.121483152601824
-0.0443512720630133
0.1884186580734
-0.0567424687602676
-0.0431351285251515
-0.066360718655981
0.332981422684754
-0.0647197782025804
-0.0271216730810547
-0.0676187937455051
0.00227016599744415
-0.0342368159666754
-0.0155154454074286
-0.109016509991619
-0.000668457356502235
-0.0969898753132255
-0.0480527684742364
-0.0978993479484804
-0.0581719493543408
0.00903094133476254
-0.22060749943691
-0.018010773352124
0.568345343837259
-0.0670419837926623
-0.0301902032940697
-0.0667964089124075
-0.0200517603652985
-0.0544543364925788
-0.0364948567662826
-0.0307562057618116
-0.0684369075359703
-0.113805729190087
-0.061530357888672
0.0310834498405959
-0.0551253236308437
-0.0817921185117872
-0.0276178033244307
-0.0764430737650237
-0.0366036217629389
-0.13116497911652
0.000686138347166625
-0.0173194286976425
-0.104638766775152
-0.00847690412745832
0.490177470463979
-0.0566714626607255
-0.0280434107643762
0.000342987738211155
-0.00363444959410787
-0.0481729158846286
-0.0329607195586812
-0.0664413485006901
-0.0792565240282996
-0.0251432718696167
-0.136707895043109
0.129435936942828
0.284118126703832
-0.0110010506444942
-0.0389904295390139
0.0215431530548452
-0.416884867640283
-0.0471582961871397
-0.641202028438581
0.0325076497027532
-0.0541269064590241
-0.155469436523525
-0.24996963404466
-0.14587049021564
-0.0202509603579884
-0.0525491870735134
-0.0816548665124001
-0.0622439740349092
-0.0609279482432811
0.0582633055489235
-0.05201098940611
-0.0719732758360945
-0.0245888477608711
-0.188802098336154
-0.0714561748894755
0.00239762537800076
-0.0531178221198232
-0.0356894553329105
-0.00815142984435841
-0.555580240662865
-0.191536384587061
-0.0788043047826176
-0.116842151442604
-0.0778901305322985
-0.0616014432806632
0.00376383947384288
-0.118560959291772
-0.126338826997106
0.134674627505018
-0.0111370862772515
-0.242224477621614
-0.0569451190266826
-0.293180204695563
-0.0255061223627922
0.170592194422772
0.00547297185015839
-9.77946114983951
-0.0257962298373463
-0.0551721895617122
0.098497711349217
-0.112271538744659
-0.0282970006789408
-0.0437836898439177
0.0209237408292578
-0.652026730531689
-0.0734336267644369
-0.0225307219687173
-0.383471270037567
-0.101034548233081
0.267769038961697
0.00815350350193907
0.0945975528924459
-0.159928100197793
0.149942755396301
-0.0394065709290209
-0.0217723670756937
-0.0444680009111648
-0.0342296445200615
-0.0524822066247356
-0.0500414009293369
-0.0771420760031326
0.0110425673871127
-0.0718135953004838
-0.0648018566254105
-0.0264729202127736
0.179412665126147
-0.0349666480707349
-0.194960335690894
-0.00212226626861575
-0.0188926010498413
-0.0259833925816311
-0.34548754482485
-0.0106266935836847
0.0278734279543538
-0.0666775103003132
-0.212340186662803
-0.0635763017648347
0.0908136841543444
-0.0584017186685468
-0.530619037832557
-0.129352566486772
-0.0776332178615083
-0.0543154549168504
-0.078655215972892
-0.0394296466518893
-0.0244288947615231
-0.0950057023237845
-0.0143629696536232
0.0268044162581092
-0.0712105441996826
-0.0264358550707119
0.0224614158530223
-0.0180270031020269
-0.076511305755155
0.00372638122969896
-0.0671452767291432
-0.0131656294038971
-0.0572908584330965
0.0103912767880286
-0.281446156238827
-0.14252459545564
0.0017347643631744
-0.00425281265143967
-0.0297355765556042
-0.0555116885813065
-0.00508036251538105
-0.0299471549020681
-0.0806379846812805
0.0730543859117153
-0.487325048251211
0.0479707782641862
-0.0923562835911684
-0.0582421331028052
-0.0695425356398573
-0.0244581667842046
-0.0904049641457325
-0.174746562798901
0.0928787782233035
-0.0548238273775225
-0.0208590401487595
-0.0435766786384479
0.384516715469268
-0.0529322848659663
-0.0277239096162512
-0.0730145502733734
-0.0561325671699098
-0.0167153662567164
-0.0327886517828526
-0.104377250510953
-0.0677792441594111
-0.0143807413928663
-0.0657300836102365
0.220487123469741
0.00543326470727267
-0.0133308020706607
-0.0742989849082145
-0.0925730016761562
-0.0451036544269813
-0.0456935759258508
-0.0628379536657291
-0.0628205516443343
-0.0338589885979587
-0.033175221556352
0.00852231516400566
-0.00827489297009723
-0.0737387754126448
-0.064517875343447
-0.0366851145288038
0.00555143714464504
-0.112815302704484
-0.0216397035724814
-0.188970133519182
-0.159051673387415
0.00316565321592405
-0.0506886183513395
-0.0670056122283212
-0.0437812825412703
-0.016812953541057
0.01400586140994
-0.0234586379719652
-0.0127600272628177
-0.0113910602438298
-0.0272184879406464
0.191206291805612
-0.0287682520279086
-0.0568243725437541
-0.0178775124165055
-0.253896357145128
-0.0436879159584907
-0.0511289134166225
-0.73798425346959
-0.0787081721008207
-0.0289187678425185
-0.0259728438626558
0.0591863337180985
-0.0641818050734551
0.0190695356006925
-0.0543850653632065
0.00165874333043678
-0.0177057329325881
-0.146569071447828
-0.0825546730581039
-0.0101813011511078
-0.0658088740784424
-0.0614388089177493
0.22377038333043
-0.0439871898607177
-0.0157936830543465
-0.135305916462219
-0.112296251892278
-0.0236946555391243
-0.0936180441755804
-0.192694261451883
-0.0510001387319455
-0.0373429535805484
-0.0470212782523837
-0.0427636239848608
-0.711303613735521
-0.129655682686744
-0.0362672666677502
-0.0619375000790951
0.0089183700118163
0.100272145023754
-0.0999609989143161
-0.0381986835897402
-0.056164262213185
-0.0448765224464166
-0.115374119600777
-0.111092962877149
-0.0460122549656541
0.0281080458829776
-0.0996888889608144
-0.0811024411207076
-0.0195158122052754
-0.180147295965769
0.000767705119564553
0.0621189425432565
-0.0104494610005841
-0.0385278864495056
-0.115849541899082
0.014990701427573
-0.0153636635338766
-0.0988706540435929
-0.0624655828973843
9.52281849710829e-05
-0.0152194206413671
-0.0473943299951338
-0.0460099184667272
0.176879949566308
-1.85677726152993
-0.25105964605969
-0.0981944093513408
-0.0248830656617776
-0.0209825816867019
0.0231876548340347
0.675860147736674
-0.0206020365452306
-0.0287116458212214
-0.0968610705969068
-0.0560852432362637
0.03852759216222
-0.0163334982402187
-0.0431997544251744
-0.0349404494816484
-0.00514520209116499
-0.270433398846734
-0.140650602584306
-0.0444123952707283
-0.295617840558027
-0.0464344610459931
-0.0362783937468118
-0.0348247465005261
-0.220680065362817
-0.0466197004172019
-0.0847060562632724
-0.0461393185441805
0.0525924875556499
0.248468596032631
-0.114703455648954
-0.038011744232433
-0.0418260187027967
-0.0157653395247236
0.00295010514421094
-0.0171112080084483
-0.183209459878574
-0.000727249985030036
-0.121587648113024
-0.242640488078809
-0.00147098404782597
0.19466268525208
-0.101331923467433
-0.0108301130395541
-0.013980598892957
-0.0273359245136758
0.275904328430678
-0.746610836856398
0.260767771673553
-0.0697687901589985
-0.00284737640137599
-0.00101802294002119
-0.0478975992518926
0.00022923110929244
-0.323108828759956
-0.038012669158811
-0.0354322037008648
0.266468432542776
-0.00515628918006315
0.0641234934015784
-0.0510997912331442
-0.242994417823549
-0.0261629374411744
-0.23736541592962
-0.060206363783153
0.0238754241982368
0.116044863420421
-0.017039375832433
0.176573183261144
-0.104866523182054
-0.0162258213461184
0.0204192442548081
-0.0770015385189432
-0.045426397278311
0.0122370426913908
-0.362927171601469
0.0148050722647429
-0.529905855290607
-0.0977812932150668
-0.0948375607886919
0.0288016013312552
0.0289276467404447
0.139093657918701
0.222861306228251
-0.0460215115139549
-0.133143589292398
-0.0370851039113486
0.0911419248420157
-0.917961048041379
-0.101497058917977
-0.0477396236637839
0.0040587144087037
-0.0211893461306792
-0.429058537761166
-0.144808526386387
-10.8249064749352
0.0210758501938129
-0.0778558286588607
-0.0183109414066614
-0.112955929100605
-0.102144035322321
-0.0645438324513826
0.91333678095032
-0.0618829238019372
-0.122681577126579
-0.00953108935046632
-0.0541491623466045
-0.0202429052375915
-0.173733493777179
-0.0477806512491556
-0.0602088969643058
-0.0636453081443088
-0.00615820627816024
-0.0787563657078318
-0.0578209220033387
-0.0140475520575488
0.370438008345526
-0.0732609852630974
-0.0869384084066381
-0.0412523949715142
-0.0529045942810824
-0.119927197395867
-0.0983499996591166
0.0337812358665634
-0.0485020092234973
-0.270067746072787
-0.035626263604294
-0.0452992993940905
0.0974775883726076
-0.0465674892032108
0.138516906266585
-0.0620412952762434
-0.0459242584879358
0.203840728291656
-0.0441431861572528
0.0832310012599919
-0.0445312330407317
-0.11236313788165
-0.0429171147442104
-0.0562875350234652
-0.128510917932715
0.0200973088447359
0.0450935200314845
0.400162005483875
0.0880011047200651
-0.0690050714350247
0.0877631794284674
-0.113045309413176
-0.0351624769792167
-0.0472382240925347
-0.0496159080258497
-0.082734459262082
-0.0815385355482948
-0.062302426493591
-0.0974921076382559
0.0690446583959251
-0.0672243933193234
-0.00305719266863612
0.0680778557692291
-0.0388429629739502
-0.046497153960804
-0.0182585429569979
0.0964512141450029
-0.0807857437235439
-0.0382334804372833
0.00271495437078593
-0.145631625467258
-0.17726149010158
-0.112976107271948
-0.0803441814870569
-0.0211266268594311
-0.0764085514408518
-0.0646526681987516
-0.0673182629506804
-0.1139763433223
0.149201438958121
0.0393402519805451
-0.396215713087241
-0.0782582198678936
-0.0299767659575749
-0.0904822206779836
0.0110652487525759
0.163749154431121
-0.0478251955241758
-0.0767516674802206
0.0523154654957211
0.191447564887074
-0.0258247884063676
0.189245849404712
-0.0864321209738371
-0.0216351528221872
-0.00647468543389871
-0.278163907159444
0.223962320940386
-0.061528909520741
-0.0675438465691607
-0.0424836773843318
-0.0362111824148806
-0.274795123727258
-0.0845863497185118
-0.0304574707500262
-0.06475665037226
-0.0947376872013679
-0.0278834751310568
-0.0298060670657591
0.00724761708939207
-0.143676982465171
-0.00317553952284698
-0.163578259382704
-0.139892776306466
-0.105183657265684
-0.0992631612171963
0.131610112719263
-0.0155926659899234
-0.00798291681590081
-0.140733734910177
-0.0371294249748141
-0.0265720040504427
-0.0844571125150535
0.0637249436021506
0.139291161693112
-0.0216656004009429
-0.0809197814394109
0.0265562633937465
-0.0489318972554549
0.050599679242296
-0.175092104504131
-0.314778952947678
-0.0104974074839364
0.00383702813224499
-0.117438237038407
-0.0472635845090956
-0.0653687746802531
-0.111256075188403
-0.0265928554299632
-0.0242505363429177
0.0326649702994115
0.0307785549168064
-0.0233492683546589
-0.0622822616635371
-0.156168396784938
-0.00412646985277298
-0.0654160571241607
-0.00807121219464923
-0.058497134020917
-0.00973889783478346
-0.0342997348179777
-0.0668976726114048
-0.205038379613522
0.338477224331011
-0.0512208062006018
0.0151752874840489
-0.0410344883284251
0.0262890386355003
-0.0584383036199925
-0.186426396098901
0.000348660625914016
-0.0521979286963672
-0.0275098633777138
0.032322944273205
0.218136103365434
-0.16114528131487
-0.0338537855304385
-0.014398249967914
0.0604608485512349
-0.0371378671810049
-0.0738545231796389
-0.0225768492329592
-0.0321237844303282
0.0170402774821664
-0.0551743074957692
-0.0734108797887454
-0.0012610939318692
0.0577102022061225
-0.0598129420529563
-0.0538886311980862
0.214540724349043
0.116666673880913
-0.0660692551246204
0.280698878890953
-0.0550224446651013
-0.0244606798613955
0.0264668193779042
-0.00682789974490445
-0.0812038676475663
-0.0194704330037443
-0.0812067745954249
-0.148374388784912
-0.00801235793969931
-0.1333522242176
-0.0568463199744501
-0.0638757881764857
-0.0495009662511063
0.00102479192260516
-0.0301581636380888
-0.0204704553029819
-0.0357365491854563
-0.000376799341739627
0.081642557658675
0.367715981574571
-0.0408862074388764
-0.0414919008988342
0.00511072573753974
0.0305488150681582
-0.117148866542539
-0.04471942490228
-0.175723782613429
-0.115258250615186
2.11427038979261
0.0523978389250462
-0.0201622037283437
0.0557709260032072
0.0371469327104516
-0.049032835981439
2.70244271612378
-0.0330674475505776
-0.132649844533672
-0.046013645990572
-0.0200336373677387
0.0594464209658671
-0.114587792266887
-0.196361084320033
-2.79568695222695
0.81596680435976
-0.0629905776350825
-0.165195544711287
-0.0109772821535813
-0.0624131103188295
-0.0322649319984751
-0.246245082150846
0.0165565619323196
0.451813179535985
-0.0639968495054249
-0.00147856152588495
-0.00669235172633168
-0.0619821300453524
0.0534451090785365
-0.0771693734972195
-0.242592429020719
-0.0642923031173153
-0.178161962828873
-0.4464709862743
-0.0344986827427691
-0.022367960241937
-0.0183277472998496
-0.0413289442161611
-0.0779193653868709
-0.0360362303347171
-0.146229062027854
0.0250261510016799
-0.0481060479611283
0.0560726057197388
-0.0588542966174187
-0.000300887249948249
-0.0444331635759333
1.02984692932009
-0.0293732462784775
-0.127446233521597
-0.102010343813989
-0.0394466181621218
-0.0669577989273388
-0.030790351829474
-0.193914140991887
0.0131810940174576
-0.294062161936268
-0.0648890180926497
-0.164528224964508
-0.0446125254165337
-0.226929236795967
-0.0648963260377351
-0.0390395550259621
0.0269474802511159
-0.0835797832846944
-0.0350809331449081
1.61737601991595
0.0198693479059805
-0.00903374698395426
0.0863937366554858
-0.0844534928218636
-0.0111727867126582
-0.071058405679044
0.101762161974372
-0.00956151152224602
-0.070777201728235
-0.0483712777441702
0.0445363346013116
-0.0252346020857766
-0.0519121919579351
0.203915775186407
0.0350428009194955
-0.0575480535819551
-0.0208080763259528
-0.0948630239398348
-0.0349363141813044
-0.0947965932037628
0.0121129690990623
-0.00869580172637184
-0.0141183404415867
-0.047746221894595
-0.0109361491124185
-0.257816221617824
-0.0540156783313304
-0.0534986127775235
-0.145441129529911
-0.0281490758084431
-0.141817967457637
-0.0423333756195782
0.103928522609991
-0.034802922544861
-0.0330244037806145
-0.0715980165920519
-0.0136380697328292
-0.055834583004109
-0.130727565183878
0.0170057873443507
-0.0529290920212538
-0.0157592073726002
0.018213165964983
-0.038707975374105
0.0204041453566726
-0.0113011402934821
0.00867915605788096
-0.081622600174064
-0.0871269290267321
-0.0793972396760737
0.0928984637257472
0.0391942856161738
-0.0425721831348168
-0.0534879463233599
-0.229096858228228
-0.115663820498063
-0.0798808164923066
-0.0208190142955988
0.383744059708619
-0.0611090135593286
-0.0966687167909752
0.401175809611567
-0.00643751572534556
-0.0550817417078921
-0.0591122865708974
-2.80241912786065
-0.180822045981355
0.042824174506379
-0.0339457129562333
-0.0611589344416695
1.65599067701513
-0.0381362281387816
-0.028244534486325
-0.435757675066711
-0.0513906739179719
0.0124802613374956
0.169684608746691
-0.00572292873786098
-0.0794431984962273
-0.113163566386001
-0.223851502070461
-0.10937836624804
0.0141484609810891
-0.16800909566598
-0.035204297616583
-0.0324412183685741
-0.0818092271055747
-0.383453605033365
-0.00771836765330645
0.686737425978497
-0.0108215428875085
-0.00733513942162083
-0.0927581973204543
-0.0152878329677995
0.0898469570442982
-0.104600184808687
-0.0278621216105509
-0.0287159482220555
0.00903964305414434
-0.0440189979219114
-0.00736238637528745
-0.0826551107236667
-0.0690274578148158
-0.00467770109654126
-0.0255407723378442
-0.0222898393314224
-0.0578468666730782
-0.0753442393303891
-0.0277023258588909
-0.056941106023357
-0.0652384778150076
-0.0420194699676597
-0.0333505904526672
-0.0253888781539763
-0.148204022336305
-0.00774726942224098
-0.0381376957683276
-0.0584290434827343
-0.0103804179702939
-0.012891655066303
-0.772934562593171
-0.0372745832624084
-0.0463233592315815
-0.0463563517746885
0.01768468803395
-0.108958284218248
-0.125805308881406
0.000651685304909555
-0.0777648036377492
-0.0755607355443879
-0.0645910404653818
-0.0324982819529349
-0.107700305200741
-0.0401282332346495
-0.0386487761316353
0.0356857854492767
-0.036726424840712
-0.0731235663248395
0.0194023659113932
-0.0213678797858021
-0.117978689054148
0.0429577636848765
-0.237233187367227
-0.0664798800241832
-0.0209455142282049
-0.00257069797261246
-0.0597952132176226
-0.0811955912146144
-0.0688539763286548
-0.0131933242980095
-0.00695994136145691
-0.0349393562323682
-0.0651475403929872
-0.0302253259749539
-0.0406268083297878
-2.51130016061417
-0.0796807965788238
-0.0552670046228387
-0.0638745062951707
-0.102875341202176
-0.0540489051388435
-0.111809835733169
-0.0797929027220284
-0.053283818593075
-0.0559615578840975
-0.105003693038498
-0.0619463518586166
-0.0416930012283564
0.118107295749084
0.00729243701339472
-0.0311715712118327
-0.113022293983193
-0.0649794694237344
-0.0149192454748113
0.0169101889441
-0.397948770809905
-0.294486959151291
-0.0276318544529116
-0.0712270175115659
-0.0122910496043445
-0.0553629002129263
1.32092612189337
0.0256860950176674
-0.129142331011006
-0.0504203423788285
-0.0292974526939315
-0.182605118315953
-0.0421234524617032
-0.0412216962307466
