-0.100205595247558
0.0783735726665203
-0.122678360736175
-0.012311533769008
-0.520984744422357
0.000756708702139675
-0.0267059390244223
-0.121481018561353
0.14174141462761
0.124263291713426
-0.0649756741761292
-0.0273464154921673
0.0201326491751338
-0.0706655274069746
-0.0621393929626609
-0.00792397510941023
-0.034837718714663
-0.105732970145432
-0.0632153520637936
-0.0410176809805526
-0.162641659563428
-0.0828563762980871
-0.136539154019785
-0.070393360332429
-0.0226789882495192
-0.0577845752551157
0.0097369423236715
0.130392129249972
0.0388618276137239
-0.0441599514619474
-0.0524245114249387
-0.18071879311009
-0.0198719395852117
-0.0855136982747855
-0.115584740753913
-0.0052656732535876
0.0965016183157912
-0.121986454555006
0.219070242155885
-0.0935370539190355
-0.0365206403094633
-0.132069596324333
-0.0793820971849274
0.0777183267540943
-0.0319670189788998
-0.219396998576336
-0.0348004401296768
-0.0565622658780722
-0.0226958735711973
-0.659721092529795
0.0915943109447579
-0.0302050522800241
-0.104733551257122
-0.0500048424774185
-0.0142448540663129
-0.0869755623087824
-0.0360520321755948
-0.0515643550488305
-0.0491774258252013
-0.0440844877270146
-0.0845920148238853
-0.00113903075359079
-0.0180973322996796
-0.0145947770772956
0.0288143706841019
-0.0790033103449659
-0.0578807917684594
-0.0561773647897314
0.114562009988882
0.0234959069834864
-0.0267663770584708
-0.0471001770487607
0.179393137496215
-0.0971550053583186
-0.0504172013947044
-0.0056170604839418
0.058660088814476
-0.0430135156169561
-0.0937058276268509
-0.0237546225106451
0.136194928227163
-0.0660442302019728
0.00505415902503708
0.0795908115412569
-0.0587470215233085
-0.0301163697259338
-0.148298381758292
-0.0427087250306848
-0.00863960237006224
-0.120179552067547
0.113600080093549
3.90884828191596
-0.0827719416118052
-0.0128560278297367
-0.0546721942976806
-0.0572377691230188
0.97190228750779
-0.0313666432754142
0.850844937188359
-0.0503313862768701
-0.129303584737024
-0.0807552265412077
-0.0617116014804077
-0.046001700930898
0.223577979100717
0.11437284991108
6.4893187426234
0.0412866487890828
-0.171612537626124
0.0534747370024832
-0.685265143751988
0.39277055867456
-0.107615119982714
-0.0997637691954483
-0.137647956801565
-0.0518202584361094
-0.0506085806996194
-0.0935373598941332
-7.12644738182294
-0.293227374870841
-0.0129111198761063
-0.0498982590080898
-0.119314734259126
-0.0185153375689223
-0.0117955883380825
-0.150746004267634
-0.0044333610604893
-0.0706340243334961
-0.0620045209299884
-0.0387029599029293
0.109340560109697
-0.252143871335572
-0.141397967539679
-0.0142440385201586
-0.44138249855854
0.062919297860214
-0.0297989268733483
-0.0167513238543323
-0.0245914021218221
-0.0241353117580558
-0.0760812727409699
-0.0375579061122488
0.0167232007136984
-2.76169342479971
-0.0124243063363964
-0.070914841516201
-0.027535029972281
-0.0200106032678751
-0.222685076286794
-0.0402648375162968
0.0476775624352662
-0.333855712932597
-0.0683447085605232
-0.0589550410393193
-0.107755774617505
-0.219747970464063
-0.00410551213126231
-0.00982629361594195
0.0423357579279914
-0.0706097686474156
-0.100068222948991
-0.0860474414390918
-0.0710080615469114
0.131634272172986
-0.0567987186056481
-0.0837185800058935
-0.0433005820569029
-0.401039961972528
-0.0319837991729588
-0.0323538162637823
-0.0374824121586546
-0.323534723000276
-0.0432288154522362
-0.0665495934312159
-0.146402313375461
-0.0697312241330729
-0.145277227989655
0.0798890202933083
-0.103459386003011
-0.205675698602383
-0.00628161439452186
-0.00467679647220896
-0.0141974901271099
0.0524381649886701
-0.0476517664329051
0.0622670073278223
-2.9324743119736
-0.188000770038617
-0.00971316418743539
-0.590549149198375
0.114817832827534
0.145652429629484
-0.0480422495736142
-0.0614994836968296
-0.0255581639375797
-4.92933640802969
-0.0173237760054712
0.0169348966871872
-0.0743496840784114
0.00976738415026056
-0.00191534015375411
0.545870390373049
-0.22331447991959
-0.0467050320980168
0.0349273041928439
-0.0579657055157283
-0.0902242613182502
-0.0441785171118957
-0.0244888012627008
-0.0720649897773783
0.0417542171191612
-0.193298927411687
-0.0901125649192801
-0.0128433952482277
-0.0761420404174681
0.00975505889696906
-0.169127247765695
-0.0318807539494544
0.00279132465030896
-0.0473824299268256
-0.067653252808996
0.0147244234397414
-0.00513692963630478
-0.0277899674254297
0.0248811786157228
0.0986650063493808
0.0423197867525368
-0.0609587965594175
-0.0846000297528338
-0.0300834445459645
-0.0744340705737773
-0.0119735872035122
-0.038117213349873
-0.132656478647168
-0.0217625754339123
-0.0536083047626211
-0.0650627692675512
-0.109428413860918
-0.0420080165858461
-0.13006353029331
-0.0876920884350452
-0.0280817675361993
-0.0869502224945092
0.0361705065245335
0.0237213433131012
0.0148057767375655
-0.0538590146740419
-0.0418062771925836
-0.30195810290403
-0.0369210821070479
-0.116192812802623
-0.12107018960451
-0.0336070629186075
-0.0828857485490633
-0.0929680278681785
-0.0170558595976297
-0.0466549065930909
-0.0109115594543499
-0.0573808208600356
0.0959759319485268
-0.0891780662343684
-0.147151692447216
-0.0469361886933248
0.0347998050666817
0.302553414145052
0.14520918509008
-0.0878953465021499
0.0162966330137642
-0.027699849730021
0.0596181218362826
-0.0506052115082366
0.00751542545813731
-0.128412264347652
-0.0480232192185575
-0.00878955259350338
-0.0701495521558825
-0.057412593331376
-0.148170615910618
-0.0591749535198765
2.57065966077163
0.0126560175704752
-0.122214024707213
-0.0587123084098993
-0.0390535695151957
-0.0415484774880527
-0.182284584548874
-0.0559182755392469
0.0067585879643525
-0.250323112650833
-0.0459030606940149
-0.0463281873082563
-0.0545201147146496
-0.371630465214
-0.0717494902182617
-0.00460335500646586
-0.00146806182907687
0.705704266926425
0.696685986472369
-0.0672133898952189
-0.104024373490325
0.0360766524262712
-0.0439659314013873
-0.117563303063233
-0.017069195874412
-0.0963982530215953
0.262269434950702
0.0937401818971065
-0.072797365269454
-0.0943088971228858
-0.0261783244273784
0.0254078090684266
-0.0656196138205221
0.00874415083710475
-0.0981857644243387
0.407532135519822
-0.0734024471609632
-0.0868564939293727
-0.0358685598505648
0.0289181803285633
-0.0294027881086953
0.00687963628344795
-0.0524832444246034
0.0759355193628255
-0.10323682319681
-0.128164276872163
-0.0282786361655551
-0.0141529318164808
-0.110391469547216
2.25973624296832
-0.122764950501155
-0.0257328238338323
-0.0573820971227403
-0.0341368723774669
-0.127690876328154
-0.0484890858229596
-0.17878151289979
-1.00855999561078
-0.405119767703938
-0.0760910666601596
-0.186134335390452
0.627239218718474
-0.0130700864577174
-0.054938472692394
-0.0081235333718335
-0.145069880629187
-0.152671120040765
-0.102014246489757
-0.0762788971877126
-0.0766546520328692
-0.0499611203238851
-0.0315012365924234
0.0303547972127846
-0.224993282366083
-0.0624608304356162
-0.0316654065828479
-0.0198177201397055
-0.007170516818141
-0.075649674186832
-0.0866938230469662
-0.278737986601293
0.121918049158813
-0.0193616667424
0.189689460644185
-0.0192340008794107
0.164753378839572
-0.0226746065787033
0.105044015859663
-0.0125619028434369
-0.0683292351440746
-0.0167864266491767
0.0110014922980407
-0.388731315034143
0.02340570223948
-0.0303298979308142
-0.0455275765585637
-0.0444449750297173
0.0396538178932068
0.00397261129532579
-0.260989050905365
-0.0556932955052032
-0.207610902933567
-0.125087773515538
-1.62242801799265
-0.0673039383278486
0.163603044740187
-0.034981276104992
0.277779066891175
-0.0220542943326309
-0.0712255187566005
0.000417034247716566
-0.0270066800458558
0.0558079578761249
-0.189009693125945
-0.258780774798274
-0.0395559576065107
-0.103853327718398
-0.068891498580118
-0.0434604469684068
-0.0343826339732074
-0.0540935073524835
-0.030470246889847
0.245480705684386
-0.012367082973021
-0.128073160837247
0.0536499616788664
0.218628122193352
0.0707966877789486
-0.0677253946915694
-0.0101902973650089
-0.178487926983366
-0.029112816457209
-0.281717816590645
-0.0456403683978251
0.158953355989978
0.489489432469261
-0.0932474505152457
0.0241459811959433
-0.141857291373945
-0.144688922723164
0.254040951227483
0.0784322105554229
-0.301064890273631
-0.241390295336627
0.076722813730449
-0.0459584258188813
-0.0348311104370773
-0.161595688594643
0.0560065221650593
-0.0488321075988564
0.00244421598363703
0.0774664921644965
-0.0503368292635239
-0.0417649792733757
0.0914356320572627
-0.0609658632890614
-0.000858149517932387
-0.0529420279397087
-0.0544553475633592
0.0805633513563392
-0.157238986366247
-0.241400454580094
0.126629357077168
-0.0476330863989815
-0.0479353821582462
0.0104927314323045
-0.0593157625807552
0.17084693078661
-0.0920036343963601
-0.0144556392566511
-0.0173357011054756
0.00750419566709187
-0.0651101950955994
-0.022538887717402
0.132119592494747
-0.0321585768204212
-0.0853678950514244
0.105581858506084
-0.0359606783551706
-0.194480919451417
-0.0266684511683223
-0.342215699024549
-0.0737158070334571
-0.0320528851438777
-0.0254658872974641
-0.0181551948492497
-0.0426685276136989
-0.219181983535762
0.263335383269609
-0.0594774328469642
-0.211498300650163
-0.00673755207740566
-0.373135935982421
-0.0690667273503004
0.00703537301015781
-0.00496452919110853
-0.0240872420019925
-0.107304800399382
-0.0468604894031935
-0.0213836009831193
-0.0353912389072795
-0.00696634196003593
-0.0322385193916465
0.31173146787034
-0.0507941462364307
-0.0707122311683809
-0.0735246564816533
-0.0457409396412175
-0.355255555077265
0.12518720244331
0.027227213479426
-0.0954171186281854
0.0103689811113861
-0.000772130097469098
1.02131297163855
0.0129539334714257
0.101929548595479
-0.0956934919181427
-0.0369693130614343
0.0177148597432885
-0.0451614849251315
-0.0743850189621781
-0.0211236780679794
-0.0611235643330827
-0.0367387727243649
-0.106986267302643
-0.054322808171163
-0.0409721225517316
-0.701052625536492
-0.0210588196969875
0.0658955409740204
-0.0480204496795943
-0.0347367989219256
0.0879601394246709
-0.0707841740558315
-0.0977675094769619
-0.0497921969484875
-0.158446929328172
0.0814081525391868
-0.0356332903522716
-0.180538497592869
-0.0410147262527469
-0.0598772896101955
0.0502871328906414
-0.0196786283574887
-0.376672619058704
-0.0279179624592608
-0.0228765728700983
0.322847916336052
-0.0522245539548735
0.0317015243236088
-0.0564352443918552
-0.0481197514321682
-0.170689714947747
-0.0780127542122605
-0.0451796856886136
-0.0348574908441114
-0.00057128994278681
-0.0662165925235496
0.00940631512983177
-0.0712307407733996
0.0114661101110726
-0.0256506927313806
0.0506836622957202
-0.0212932510570528
-0.0350637935954814
0.00781536698741537
-0.0770780791489544
0.31919192423978
-0.0987965980196183
-0.0748174321434764
-0.0380190976644609
-0.0542523238953532
-0.0415905169782154
-0.981943404808896
-0.0917025033413459
-0.0689908120329522
-0.0255896166020386
-0.28972610316106
-0.0468240419018715
-0.0979123685251023
-0.0220675505021035
-0.0825223458858337
0.0381508984159589
-0.0122285026204263
-1.52602563995269
0.00263820751410897
-0.019427709476345
-0.200245669118794
0.00517257578602549
-0.0414365862672651
-0.025596069656178
0.0106222896373334
-0.190833355362401
-0.0191223163736098
-0.0317228701031125
0.00290719516067038
-0.0132523169505999
-0.0234687267678383
-0.077873320678945
0.011145365187457
-0.0373328580859736
0.0137285347477604
0.0640611122606092
-0.0642157549630422
-0.0874711244984085
-0.0554550103683378
-0.0362673899571615
-0.0541704432932834
-2.05113189088509
0.0619960157830013
-0.0881404906877124
-0.0259902557020803
-0.0694178899068559
-0.0275870385832652
-0.0199795210849327
0.00469266628374146
-0.0661975654730504
-0.0374348981828455
0.982683927498645
-0.0729252578479558
-0.0651127366287449
0.0380702290318716
-0.076354939413901
-0.0268746146435118
-0.0528268379833836
-0.114329999020144
-0.0366663018007058
-0.094433197496635
0.0185306171319142
-0.163397584719057
-0.0891408495562916
-0.0421045162474168
-0.0756451221925637
-0.0275214054960463
-0.10011187575375
-0.204830211011648
-0.116576038835434
-0.0859826475120608
-0.117857068668045
-0.274161020997335
-0.111081705458897
-0.0787148575916192
-0.349337580057731
-0.0343194060900578
-4.42190883522229
0.453113586050453
-0.0376218875940661
-0.0329136939536609
0.0019965051412506
-0.018599304824306
-0.0327665448163344
-0.0223652944390751
-0.0871014440525633
-0.00241111633018477
-0.0617204903424346
-0.0370465804856909
-0.0669791588365233
-1.32610248181431
-0.0092978809965018
-0.0636597394126849
-0.11911059955043
-0.184988208260361
-0.06942812385487
-0.0244086507398706
-0.114704649186463
-0.0875675624601464
-0.0269023346326975
-0.0783674737220261
-0.976942735213897
-0.00324176158599375
-0.263606534818587
-0.0560897423292012
-0.0397472105760293
-0.0525922644828042
0.269151140158908
0.984868657720858
-0.0336820071054548
-0.0954352035829863
6.07228509519319
0.817313409709256
0.0585196356771844
0.923627765755332
-0.0873753764481019
0.046819032630747
0.033557572289247
0.906663907916038
-0.0603471801952815
0.174373062378397
-0.187999620933949
-0.0503715966936365
-0.0375477596313638
-0.0675340260670862
0.0325641602986414
-0.0335968794551921
-0.0675214579362215
-0.0290706587155142
-0.0756298495650802
-0.0503061682824419
-0.0619914457076997
-0.0434239959942005
-0.0197944457859774
-0.182431391636681
-0.0638386254148979
-0.137960689029206
0.0131419467457611
-0.00873765721530252
-0.201826386365189
-0.160506927154355
-0.063310634071588
0.0608637262314688
-0.0103662124437457
0.0353118560176191
-0.033765894372445
-0.0464925313598044
-0.0316025330409926
0.0212226051593534
-0.0134099697037399
-0.0607087043461728
0.0408997887818771
0.0151658668103688
0.0588813547285085
-0.0424619867218955
0.0545332217611324
0.119455101843028
-0.461723766872203
-0.0133915025448482
-0.0366014661352737
0.183911925865383
0.381366579278267
-0.1567724315381
-0.0561029196922541
0.269815645301162
-0.14315755424379
-0.030156698720617
-0.012207035046111
-0.0936009778562399
-0.00973851795016218
-0.0351793424868225
-0.179564157517498
-0.0809105852724448
-0.0256123905343003
-0.0601202374834415
-0.0442593881385431
-0.0530755035763492
-0.0181819179876409
-0.103171832372837
0.0515567274367854
-0.0666633939236177
-0.118227565083838
-0.283838000960624
-0.0448256569786075
-0.0283721875243019
-0.115735844505993
-0.156316719624616
0.0363212721237098
0.0282074910724393
0.0831498336367689
-0.247819282769873
-0.352784326042448
-0.189819154090788
-0.132370897866125
0.106985360655868
-0.0990794404404895
0.0246847482280844
-0.0639144432005881
-0.0353670932114755
-0.0277524985040075
-0.0211462057032834
-0.00578307767410433
-0.0603263458228803
-0.0366296466547011
-0.0643667615245868
0.0500824765135975
-0.0978238226459086
-0.0387052488892638
-0.0298049095535107
-0.0578871128331704
-0.0169791118760157
0.0852993964583426
0.00811519728384538
-0.105083761418473
-0.0309350376206105
-0.0649343969978609
-0.096488508187942
0.00240252936137981
-0.0665806099689263
-0.046048397869718
-0.0956862765460616
-0.103839877007354
0.0979008206282102
0.0112599820146605
-0.114002818061223
0.0082565213358709
-0.0990285309065308
-0.0968982337854335
-0.342903691692204
-0.123377859823911
0.13757274654281
-0.226797425548334
0.08002050712393
-0.00660161851811346
-0.0121416678855759
-0.0282453076184788
-0.0213683679029456
-0.0160901587968381
-0.171545672190847
0.0243407972810751
0.0104517133168985
0.580958490480792
0.0257959112710708
-0.121357178052162
0.282361351359978
-0.0743024043385825
-0.0165359086607456
-0.0445812984003034
-0.0345616124255304
0.0590402193194508
-0.0252327501496237
0.330580915377282
-0.532610321330186
-0.0978561165371837
-0.05885489013927
-0.0744710911025068
0.00357642354324359
0.00972054973303584
0.14675971170882
-0.0361162179705778
-0.0159430878381773
-0.223154722353586
0.00446909567380686
-0.0440169503470698
0.0196706216737153
-0.0560567409031515
-0.0168887731438905
-0.0769519084772745
-0.00824950769884517
-0.0453389901318315
-0.0796258632911159
-0.00861702232732961
-0.0440009449488651
-0.0693128094237194
-0.0537565287944304
-0.114499890870982
0.020880249570655
-0.157681109212867
-0.0148210883744721
0.0261652618300704
-0.0258319881509666
-0.0467106948144503
-0.0190445015591129
-0.0329160150223112
-0.0222134342879026
-0.0253389196133678
0.0262266813329005
0.448438045296661
-0.0544289768337981
0.177713779606263
-0.0973827974532998
0.0263229341083165
-0.0413842732932005
0.0416568423374258
-0.150491667069134
-0.0438211168109231
-0.350457383960793
0.362195136140387
-0.00825065249526755
-0.0532982074641674
0.0111968043934922
-0.00324586678673047
-0.100859010622464
-0.110261297376504
-0.0386017356779425
-0.0267520036294407
-0.196614510660863
-0.0256529110563724
-0.316838150035751
-0.0302897057146783
-0.00543074605926096
-0.0479451116218487
-0.0229571823660675
-0.116718212361385
-0.757161762180352
-0.0453741302571227
0.0596112415872144
-0.0737544082934797
-0.382126270540941
-0.0281638872522362
0.0029460437827688
-0.0891429798299459
-0.0287717156565509
0.076782042569438
-0.0883690148674304
0.15091480869327
0.799120967679907
-0.025876303307155
0.0958600796700192
-0.0374644852039075
-0.0758167724500907
0.0009311640038316
-0.14607427859859
-0.107837767907178
-0.00410067714167634
-0.0434068652658433
-0.039337080066306
-0.44967537730191
-0.0420569446527049
-0.0877636951066137
-0.0425003680427785
-0.0331104675876132
-0.0275582926128682
0.0209429290505396
-0.0330452118443652
-0.0369934204309223
-0.0410411670112767
-0.0171027738197876
-0.0419951685506324
-0.141208157594217
0.178629910282828
0.0142819434454593
0.0613523165221217
-0.0417508395517318
-0.0492752203206789
-0.0663679019300275
-0.0613095951261978
0.0346544263771687
-0.0270784293565674
-0.14040231589029
-0.00328691786898984
-0.0828938503135591
-0.0367354677754585
-0.0242358418546009
-0.0458703353738027
-0.0679866588947465
-0.0891217714531182
-0.0361106056672179
-0.126016725640258
-0.350777104946434
-0.0903184966791743
-0.11978623443183
-0.346442455537896
-0.11782962295241
-0.0113576628245004
-0.0396975499612486
20.4796999561346
-0.0370726318379602
-0.14851858364223
-0.0409991892980812
-0.0757350875497624
0.0270636713340751
-0.0655752442955102
0.0185335012213207
2.93261954513458
-0.0908211390787347
-0.0183566262177691
0.021727325791857
-0.0188188980994079
-0.0852959565729249
0.0308336150222273
-0.0880765984034751
0.0424668267428108
0.138996888560259
-0.0226285176025801
-0.090220149343358
0.0240798899216395
-0.0482340247961384
-0.0134231744640204
-0.0488312156243369
-0.0904437325097547
-0.0120040167489903
-0.00451815449458652
-0.00752382986230428
-3.27988495956465
-0.030090365697088
-0.0534201092748022
-0.0110138640409895
0.121754539546714
-0.0141631328535568
-0.049617137253036
0.0673350783967578
-0.213196753033488
-0.151377510187462
0.311793126338622
-0.055925251089026
-0.046624587676836
-0.308571591077053
0.0200085608429744
-0.167245661232395
-0.0876156865436971
0.0630252419581295
-0.680026189311928
-0.00163296351327526
-0.0260563848922862
-0.00385562223613107
-0.0677535356275658
-0.0479850466398117
-0.211574632415085
0.105930355517878
-0.0570419081364358
-0.125368563432134
-0.0659550973725848
-0.0245400331223179
-0.0373344710005365
-0.0100793868086074
0.268067821027779
-0.0317932443966643
-0.00871166749006069
-0.0421740070686701
0.00741551240115042
0.155179317845447
-0.115766260434146
-0.0682526065072609
-0.00375246269591344
0.0333889792490841
-0.0268990429443098
0.0931864284093507
-0.250225084460968
0.346202963356352
0.0615457591303613
-0.0674277153777272
-0.132708080316109
