0.0777582913091061
0.071877503499501
0.117629985719566
-0.0373668691751295
0.0017653833503737
-0.0892068213196178
-0.114034270538072
-14.8377725268224
-0.0112963414689902
0.00728869876531479
-0.0285958734702162
0.134606187246912
-0.03243944241367
0.219317017959565
0.0525144330068329
-0.037440084379689
-0.0706690897980164
-0.0321844789831948
-0.0201307061572431
-0.0105296697775595
0.0151292136663729
-0.0201984918074982
0.0735079101967598
-0.0393130799814047
-0.099501474359613
-0.0447059234220132
-0.0580246976266115
-0.000761247798914004
-0.0647792484400214
0.855073206899836
-0.0376082743481494
-0.0348156643109082
-0.144265441637021
-0.167279900607905
0.225478238854844
-0.0146871504071032
0.0213961836292539
-1.43865685535233
0.0287963688289454
-0.065403485221975
0.0267533626865619
-0.147821986514949
-0.216071206307903
-0.0177790187956662
-0.00735608520380645
-0.100222093371048
0.0426403844988831
0.198220416181258
-0.0605019457012852
-0.0245559872893735
-0.124501893329242
-0.0694839503323312
0.177194607416565
0.12345682114187
-0.0501020465469951
-0.0171411651280207
-3.22175475023874
0.000677168633882272
0.0276224476821672
-2.81051493156158
-0.10354244821827
-0.0361237451037563
2.45341703220419
-0.0479120411645055
-0.262800574486958
0.0514154496229471
0.0538528898387752
-1.41007635844232
-0.0594534796990432
0.0924684405793082
-0.0262503215057547
0.0572889210921497
-0.0406745853500729
0.11987375151608
0.112913525246606
-0.0105537399686777
0.199214710839394
-0.163669343214087
0.0739079860143431
-0.0645267527790648
-0.0212234993790033
0.00321533414125658
-0.0603034676760964
-0.0373944486773465
0.0298803953853302
0.021261439996917
-0.00831297233044312
0.194705668583253
0.121270105914079
-0.151384547575242
0.0387007034662141
-0.00198083672330264
-1.4380828497537
0.2712371273214
-0.0628198308488594
-0.0354392331301482
-0.0107645152541461
-0.0128969503156889
0.0325071065804576
-0.0348406419444954
-0.0175515474639134
-0.000134162863127132
0.087870107020625
0.0280772230278297
-0.0116129717298593
-0.136016471082108
-0.0267543216187901
0.0292129414563676
-0.197093364417002
-0.0177540922011936
-0.0344176122118623
0.206393766465801
0.464031613096422
-0.0988298596278397
-0.0115490516090828
0.0459936585900104
-0.00523277962250308
0.0163511798969315
0.00470247656579544
0.0156029471670979
-0.0270936055692906
-0.00114513259135205
-0.111057856636613
0.0136867189332604
-0.0861147237608144
0.00200923358708942
-0.0508995837712725
-0.0276752186601216
0.0052377958773142
0.17647181014112
-0.050330809118133
-0.0464661807417742
-0.0152438433504345
-1.0881387757433
-0.0512820602521018
-0.0682614438364492
-0.0532386091422455
0.0828915121937439
-0.036904726027594
-0.0361710845816709
-0.038184394299984
-0.00347648025889854
0.0594061186820778
-0.0983171823531291
0.170245040942729
0.0247984702463242
0.0370143079437357
-0.0260513795713608
-0.0464447157473184
0.0020167343909108
2.23848727244565
-0.0133315255825395
-0.0754851899636067
-0.0399269234160266
0.077340226693857
0.00578500044261506
0.113722754409176
-0.0803031052362364
0.0307683394851391
0.00335944911800819
-0.00353589241809057
0.278019911970073
0.97039486902698
0.0281628161833109
0.121096628509153
0.0593556920382226
-0.268080482836393
-0.0232382555305423
-0.0119927184961357
-0.0240213912315285
0.0889867166143019
-0.0271690301250587
0.0346358759060247
0.0996879474406525
-0.0278486778762168
-0.502999975133607
-0.0509852639282317
-0.0665560533607795
-0.0442853411582809
-0.0473283112384822
0.00526301157755966
-0.0500196920580704
0.0248828172456369
-0.11330257319872
0.47019279373614
0.114530650225743
0.000542190831980899
0.136069590703811
0.0241912756924107
-0.0425022977341894
-0.0264184662821858
0.12775039036293
-0.0296305492742796
0.0627169222508543
0.0120676763007454
-0.0699853756057447
-0.0281501003753114
-2.05757450014013
-0.0765255922436998
0.281459823605148
-0.0142092917215083
0.0191204612564313
0.13366624543815
-0.0377225197728981
-0.017273987020889
0.0596336695960672
-0.0568863184239419
-0.340715310137511
0.0292086167951604
-0.0393731539320545
-0.103869559494038
-0.0317706164833125
-0.019341309518133
-0.0393488353146401
-0.031860625845653
0.0602537743956483
-0.00257124167438341
-0.0970375353468218
-0.245969594228283
-0.0100901620818929
-0.0893909254007282
0.0704674271213085
-0.0605788233260735
-0.150567111290551
0.249098213879997
-0.000626646909670681
-0.0122058101337627
0.0571736404219549
-0.498077931778899
-0.0461260128745689
0.0356120801511289
0.0126339732581748
-0.0382885495383271
-0.0366542611957056
0.0246436553765007
-0.0266796631069114
-0.0228989141289454
-0.0444868783126598
0.0349854163790103
-0.205400910674924
0.0938135903493628
0.280677391799712
-0.0294847367155736
-0.0217644641499536
-0.0499747778777183
-0.0119595069115267
0.0541964919319252
-0.0717894745728191
-0.167269113391361
-0.0643223880208512
0.0139503212673436
-0.0636739185334031
0.0270096844936417
-0.0235289077607902
-0.0682009763278951
0.297489879184375
-0.0398918110029546
0.155366012785487
0.0466375109646222
0.140738498760781
0.00702394758497561
-0.00676582905064168
-0.00687059582465808
0.000141087370788461
-0.0376653226196128
0.0327439967403992
-0.00715481474463909
-0.71907510657786
-0.0442495632606451
0.130094261495937
0.0730498017468047
-0.0320809681941095
0.00872861577194894
-0.0711531205202089
-0.176623758997667
0.061895612951875
0.133016158752161
-0.0105447807572305
-0.00261370604143706
-0.0545090418535385
-0.0468076105705991
-0.0954415908543688
-0.0760634721504631
-0.0415221360317933
-0.0257350743726867
0.08821245092546
-0.040782745395879
0.0337729822967065
-0.0553079601716965
-0.140887500762518
0.0208286262591722
-0.0932014755957339
0.0430384566195826
-0.0142556343234277
-0.0648739733056078
-0.0585095130937839
-0.0613280194857995
-0.157335999900214
-0.0791940385263751
-0.280317316307484
0.327926991787506
0.112514436489354
0.000112497703570524
-0.026028747837275
-0.0634822295222616
0.0634112707951553
0.0773030007742253
-0.031837298123263
-0.0131604820952711
-0.0531923973398878
-0.0627642140735635
-0.0182824982678919
-0.0235973955089142
-0.00502745007764879
-0.465429771729252
0.201107198556044
-0.010646069278145
-0.0428101043202962
0.0614303866962817
0.0238931945393606
-0.0350562763363439
0.105061499879066
-0.0498821732331844
-0.713624840141623
-0.0128217098421062
0.174096830843403
-0.0457635991837111
-0.0229717255425349
-0.0205312365334285
-0.044698365635823
-0.374289611873821
-0.0518550451009771
-0.0190385233169513
-0.0502398547804665
0.023276867870329
-0.135510047064021
0.213368242019131
0.00446343865181358
-0.0169093369977437
0.228193652585863
-0.244227399363918
-0.0183574117010549
-0.00589795519462529
0.552613917078278
-0.0327365223092467
0.16976780808449
-0.0159192424264525
-0.0478502117894498
-0.0390049710911218
-0.0071527839522709
-0.189190891322743
0.300485929840379
0.0331012858784117
-0.0751136064173345
0.026210152362293
-0.0402559575427032
-0.306724988867176
-0.0266335376471109
0.00152613004107636
-0.0212558903192703
-0.0633038886075533
-0.0602996184377462
-0.0351981739318622
-0.0290980124191236
-0.00612632427207617
-0.0541503312889457
-0.0618018128361755
-0.013469592356158
-0.945856730175938
-0.0398272103175325
0.00156176374668823
-0.108079724747272
0.314293633848159
-2.28081966611028
-0.0358145488568236
-0.0551748824811105
-0.0407626469109002
-0.0729768883180116
-0.040775101225947
-0.00675509670986024
-0.00646286530763258
-0.0221996538694458
0.054173128701632
-0.0573565837480575
0.0118191933450149
-0.0717532432503339
10.7664903152834
-0.00855972006009267
0.0379722051408452
-0.18302267038974
-0.050816115316176
-0.0148909757155646
-9.76019350293632
0.11526202029555
-0.0499576905972405
0.055378077191451
-0.045338020867037
-0.51183978591407
-0.041355916894882
-0.0537437315091849
0.149965414682716
-0.0404946313253211
-0.0609014853701882
-0.0529987526993055
-0.0482036068285169
0.0908344010857706
-0.0404815552686698
0.554698581228276
-0.0542990074086838
0.197858039755602
0.949348828841363
0.0232625878060978
-0.564795438840217
-0.0721275447547855
-0.113837098952769
0.0637288080622579
-0.0796278641640534
0.0360381741468995
0.108357496176363
0.0184538131254717
0.157586528690691
-0.0364296965088048
0.0986064346095463
0.691480346863095
-0.0285164701106844
0.0623355908817419
-0.0331883263203092
0.0117827742576035
0.00656448121895914
-0.033213954568628
-0.0238534243158195
0.11564544294968
-0.0245485222110228
-0.175601047678176
-0.0412518780718882
0.0103337440700722
-0.403374972554224
-0.0460282221054327
-0.00326547698007472
0.0201952431759867
0.116635314262608
-0.109460997369686
0.0938636127235575
0.391547228768336
-0.0656931118265335
-0.0337119818109851
0.011892044114309
-0.161807722198057
-0.0502360034205664
0.00229269665428955
0.548015400468829
-0.130995758441687
0.0560278446743995
0.0607336049666801
-6.10128152113783
-0.0430655527384427
0.0113877589549892
-0.0243049078526609
0.266381425419534
-0.122470328042922
0.0588559707641406
-0.0407453385167168
-0.0484329909692606
0.189451506423866
-0.032778298074104
-0.209230513198294
-0.0425994866238992
-0.0117078452280726
-0.0649532877818983
0.0132920485404212
-0.0893786263951163
-0.0111879885503856
-0.0900610494601305
-0.0703326742652287
-0.0941344031369241
9.18259374829373
0.976756480530649
0.0403697956284172
0.0780591691928026
-0.170840186131471
-0.0597850607926393
-0.0220248667574926
-0.0609220864827344
-0.0362530035462123
0.0656427658897693
-0.0402461504506842
-0.0595287790529921
0.154495803519834
0.0732420668702615
0.257015153788338
-0.0616861915650428
-0.0582710762871827
0.377270769584655
-0.0447105025558677
0.120191112863718
-0.0547586061597661
-0.0334259357249084
0.0728376128927364
-0.0716358152399147
0.282240006214345
-0.0104501209208859
-0.00558922167148837
0.81227868376898
-0.127857015146144
-0.205142109047696
0.0972743594519842
0.00407923623217612
-0.142181227384152
0.0216806332537492
-0.0585544716130303
0.0789459885591816
-0.0217985557383645
-0.0429386237386207
-0.0306206203948588
-0.0145915935099382
-0.0180025789692735
-0.00749069856407344
-0.0347178989617466
0.0623483718571317
-0.0433793593214118
-0.651232335497225
-0.0471533598219583
0.0441239835193232
-0.0662241110720477
0.000271414106365817
0.0645451344320707
0.149087653511117
-0.0379866128928946
-0.0890731305819919
-0.0131776191655703
-0.0224243595863439
-0.0613910049064552
-0.0632941124028701
-0.344550690626971
-0.0049026215509393
-0.103641443921017
-0.0838303298109384
0.290013995618044
-0.028873776088377
0.21349176204913
-0.00145969637048445
-0.398465943214772
0.0264616772704934
0.0223672178265739
-0.0402710644670249
-0.0323447807526538
-0.0830490072096658
-0.00141069770993513
-0.0140335726588644
-0.0401893258505214
0.0273167072739117
-0.0550378728249371
0.101312311082024
-0.0318263818210279
-0.101318954199184
-0.00494439475762339
-0.0622919032254331
0.00759167938181251
0.0259849454929652
0.0435735739429514
-0.00383266097241651
0.030993393218953
-0.0761737138284386
-0.0333497798094192
-0.0923303340914213
0.034887891493589
0.186422497772854
-0.020363973335017
0.00866780761165547
0.244267191091876
0.0033261434716127
-0.0409382493583037
-0.0932749540310315
0.00244828819138469
-0.13527254180391
-0.186146933691437
-0.778156558483306
0.354350132591587
0.00909830299542763
-0.0456168682816091
-0.0212620528647068
0.267974917583104
-0.00231971555668916
-0.104770847618866
0.100523238319488
-0.0572474698442136
0.000914247598782045
0.0383391995381606
-0.0555999347759494
0.793083828056969
-0.00206401565066061
-0.0132567061483054
-0.00978072320865052
0.0368159263211622
0.0218364059522896
-0.017781058202888
0.165339935431557
-1.53602336484834
0.0599172834529746
0.00695284326515801
0.0937751037102307
-0.00812775241002394
-0.0990277754642
0.195519214976426
-0.461161999698957
0.211876608869043
0.00204983483843123
0.261980021899541
-0.0541683321005608
-0.122789394242446
0.0122283940007756
0.562684939963569
0.112372888624088
-0.00400581364992371
-0.0494071543968445
-0.0136651534326313
-0.0377761178318172
0.294905276615108
-0.2636553803159
-0.00920181579444224
0.0515461674554572
-0.0534627051170002
0.00151624929112649
-0.0154247545664365
-0.0628017036524588
-0.0944577092976683
-0.020603406179072
-0.00797408412027585
-0.0594949095262069
-0.0319879651490958
0.276014752114892
-0.0215723836940317
-0.0986782828924998
0.0123531463993906
-0.0342079508811718
-0.0605351180673611
-0.722491666946603
0.00871360260505203
-1.10239750246983
-0.0770100915784759
0.0837271543265946
-0.0204390875245303
-0.544559866078456
-0.0245466301332928
0.0341086186142168
-0.208145571158923
-0.0236648325236408
-0.188405301784019
0.14104281512964
-0.0479260076231574
0.573288388773974
-0.0455033837890088
-0.0288811037200657
-0.0303315420316642
0.000638779971730993
0.150627060643847
-0.176552262578074
-0.0825553912910689
-0.0224925899760115
-0.0605872588079329
0.0473843727939407
0.309544893598718
-0.283134111207734
0.200166565341577
-0.0390812429265338
0.00994703801386243
-0.0850035240892489
-0.0253697032228343
-0.0251842155996689
-0.0496777542960888
-0.0170169513440401
-0.00687288725911326
0.0186550969727937
0.108255816981738
0.134222089968767
0.0269248616730949
-0.0122772582386179
-0.00515521057949618
0.0325276817345703
0.00840882824036446
-0.143719404258321
0.165869856967971
0.0215073138748529
-0.0713598665231858
0.0975408155597499
0.0266513477276549
3.73674979960802
-0.138324353359666
0.00740685395271239
-0.0365813964199654
-0.214576715861572
-0.125143547868424
0.0721891235775372
-0.0874582887423037
0.00873374659616354
0.00548358369821939
-0.0334962368278888
-0.0548582454853873
0.00965118914589181
-0.0197974770834213
-0.0562328277079397
0.205612562722608
0.202409903705375
-0.0640310380683598
0.0794634586020205
0.00493229946889514
-0.0385156539959267
-0.036527257290234
-0.0598083032941572
-0.0652546104675424
-0.0291493675474274
-0.0523254886903838
-0.0663185983996695
-0.0878189126982436
-0.064842670081505
-0.0871835967855876
-0.0167861253205789
0.0834587781332639
-0.00904492198949559
0.0171174093914057
0.384958442260101
-0.198487880583666
-0.0937684977716757
-0.0272515924530735
-2.08945659018797
-0.00786138335256982
0.012981765958643
0.0664772087530073
-0.051763755827321
-0.0371685848201185
0.0819176561692051
0.00184614273036759
-0.00786664519675452
0.119036742320625
-0.0373253206640506
0.126830246798203
-0.0634429555983593
-0.0210049769995288
-0.033596676336332
-0.00709339435309677
-2.01985639307663
-0.041743919575325
3.06770639249624
-0.0625368243233121
0.316790159904096
-0.477657461237895
-0.0227752004535889
-0.0057384440248027
-0.0641934026899167
0.267074113041956
-0.00237939436167706
-0.0144556406775445
-0.387127862211297
-1.89582962150707
-0.170202689333116
-0.0614929730813041
-0.020428385632438
-0.00691110844167719
-0.0790335535765837
0.0498903993648419
0.0100426015565407
0.00205770862200412
-0.137884168761389
-0.0568551104774335
-0.0252686512063549
0.247422740702291
-0.075614365956545
-0.0429502972088567
0.569802627882726
0.106867336618235
-0.0915774668628689
0.2138169321014
-0.0270093399693672
-0.0514240047692056
-0.0717804806528165
-0.0558389111809628
-0.049888845604613
0.275441905291459
0.104022948426768
0.0142065211868366
-0.0581721836657788
-0.0421965363326059
-0.19854899939984
-0.0907039058433948
-0.120331105016659
-0.0428416795977997
-0.0012026696833256
-0.0504925768276138
-0.0310452057034304
-0.0454289439307563
-2.8006620001981
0.00363191450967444
-0.0118273884764287
-0.172740175644989
-0.0442062011531694
-0.0363117491328512
0.00452861029467032
-0.0265623823089486
-0.0359943838125551
-0.031745812330026
17.3539983252801
-0.0133839961111594
0.037423100172781
0.00632216693118113
-0.499478318681748
0.0246132016666219
-0.0672925977181218
-0.245680177058296
0.0340310521708191
-0.0415062151340119
0.331339947488695
-0.0498148789759475
-0.0609065688508267
-0.097159627268265
0.133915394705833
-0.185611604894035
0.00363121981298857
-0.0255348461848879
-0.290730757527799
0.276049995532959
-0.0620456456785097
0.10696988019148
-0.00144063246466011
-0.203115984287355
-0.0206185316657355
0.0109417571581008
-0.10172106575915
-0.0744668608799682
-0.123438557438931
-0.0522816839134445
0.140384686742798
0.108896799581451
-0.0251221424146667
-2.23557384300609
-0.00371114376077505
-0.0115539928014697
-0.0453078723914821
-0.367872008941468
-0.049685003253318
0.125944318915902
0.00447392285415051
-0.031246327746966
-0.108947133604332
-0.0263846472906454
0.00900326351593207
-0.0511286048936662
0.0710723238149943
0.0465335637084474
-0.0234888568658892
-0.122168317122133
0.0251521187015954
-1.7097867185451
-0.325052009314179
-0.169817768886094
0.00916762536356606
-0.0495672088120882
-0.00110022335788488
-0.0363100717494588
-0.0156194371090265
-0.0322217043052123
-0.0516775717557191
-0.0409082961255356
-0.0252137114197996
-0.00821180021748781
-0.0468257085978518
0.057824462231253
-0.028464189388551
-0.027445037427006
-0.0185724796672944
-0.235728917422005
-0.0543732024144401
-0.00695513667360178
-0.0229116903167336
-0.221279843114148
-0.0157121281225846
-0.0600100768187174
-0.0187541403304847
-0.328102468622873
0.00341086145538265
0.0124982029220807
-0.0595906432260944
0.0301423927498392
-0.0264727863710947
-0.0330129217854561
-0.0388998736576824
-0.0518104863556238
0.0703956537875735
0.00198281485186815
-0.0110409786938425
0.133141147738929
-0.274359836303667
-0.0254421205864516
0.0194472251136404
-0.0555323076888577
-0.00528376308778409
-0.00809169983081145
-0.00914348138171124
0.0872674752719035
-0.401116746461456
0.00289973653257276
0.072290889425062
-0.00921243894984923
0.041808060704131
-0.825888608537666
-0.00782597201297867
-0.835265175674767
0.0145105768751895
0.0281238044386923
0.567358211372442
0.203072730351232
-0.105143763405434
0.00573349778160932
-0.00227017195376094
-0.0303674901408478
-0.0121259286864108
-0.0542842337499807
0.06396481015368
-0.0413072701797095
0.0278957315441153
0.0257294772948662
0.0240637693284939
0.0906115244881215
-0.000273513722453531
-0.0412084415626635
-0.0644354409146393
0.24492123583624
-0.0171631411497794
-0.82810614978192
-0.0528069058089784
-1.08079080318259
-0.0849116725085013
-0.00569163619151118
0.0143566403852687
-14.0514270120162
-0.0302247147297231
0.169176186659336
-0.0498595841868398
0.0184484110486993
-0.0966493889602445
-0.0506690300191445
0.141666712924978
-0.0453277669923533
-0.0185143417514451
-0.0430431466275754
0.0152006648679427
-0.104232425674885
-0.055801797466882
-1.45007649201453
-0.0132594519092042
-0.155666971803805
-0.179445139990678
0.00148176744672261
0.076946114442438
0.254436879705132
0.0145988195788131
0.0480177588111314
-0.0453184520275071
0.609445632722177
0.0864251762972235
-0.000903647663409321
-0.0427870471553201
-0.0135772149763804
0.0182090242360156
-0.0723486254001529
-0.013393791301851
-0.788562324162683
-0.0647017537457807
-0.0365327548108229
-0.0317114948087872
1.72477787018454
-0.145961467897518
-0.0491088090321542
0.0455944739474834
0.110297795644338
-0.0570973733718806
0.0195265503315064
-0.00645217829573903
0.260883544159004
-0.0181134492060676
0.0330344629519594
-0.0216901915544555
-0.165138688842384
-0.0517563168024158
0.00714112469448398
-0.0664742869763251
-0.638475423931527
-0.223085095770961
-0.214472408038606
-0.0736472911879892
0.232424546877891
0.105141324997125
0.805433797782198
-4.14294867538913
-0.303612254551921
-0.00219218817972798
0.0436534022144505
0.0140528512432321
0.046016703722356
-0.137568499337791
-0.080403733193534
