-0.026100358873284
-0.0487661203660945
0.255301214640811
-0.0402916327629244
-0.0526006860800086
-0.00167298196763466
0.034441355904502
-0.0501841153341296
-0.0756702428267901
-0.149619041597708
0.000199563753687591
0.104832490257065
0.0140108811080095
0.0693392875545739
-0.072360737676726
0.0579618825541594
-0.06538027707902
0.053517445512583
-0.0396737367162836
0.195746251463583
-0.171383965566846
-0.213168738873402
-0.0897462388575197
-0.0887082429243313
-0.0389057890519732
-0.0355346928860601
-0.164221534637514
42.8855033096065
-0.0924982598419976
-0.0475008718824118
-3.03628461610742
0.0180440130142662
0.0130481437282294
0.0108154811504398
-0.0263847559865869
-0.0552871600180186
-0.0116833723599226
0.226519726991756
-0.0112466803980478
0.00890101742401546
0.0165745151792619
0.0119668275310611
-0.0105163996731761
-0.0782758550997319
-0.369066835232753
3.65598160009967
0.0903627042479833
0.101587386372733
-0.109712646360281
-0.0261889534234336
-0.0538656317038537
-0.0782583511922481
-0.0408448492874375
-0.0203333772838196
-0.0270006353867298
0.0200963517561729
-0.0242178859399806
-0.053553435864438
-20.3607188375701
-0.14867028015424
-0.127132901306424
-0.155148034342937
0.277214239368729
0.0251229902029703
-0.0902805656825573
0.0803038624777632
-0.0692391494698198
-0.0192132620371953
-0.122454612866057
-0.070215739270988
-0.0050522835800483
0.212489513152459
0.00339395443423113
0.00111841911962959
-0.138782487034267
-0.0911975851814814
-0.0203369281937293
-0.14807549206689
-0.0563582818062115
-0.0371831740776082
-0.0757850086489657
0.0504270668425834
-0.0649644350144014
-0.0546588005209334
-0.0679071182458414
-0.0331005951910952
-0.153103228924225
-0.0733974347519036
-0.0196589756842282
-0.128600159863383
-0.246940001712965
-0.0927713312603025
0.0742044071921851
-0.0305603957613003
-0.0146958473083857
-0.0972936949349737
-0.0312211192446034
-0.273634068886255
0.10055390853181
0.0864807834807058
-0.0246066297685791
0.086682900518729
0.0433487611954354
0.702795498240485
0.577080984160062
-0.0273789139474379
-0.0163886147523941
-0.458687571404957
-1.22743148174245
-0.135959397421739
-0.0114100104892379
-0.00382832620032285
0.0153206326580542
-0.134338592348333
0.243506881513795
0.0384788862452395
-0.0255899139955143
-0.104374129369159
-0.0139337627038689
-0.142510737568559
0.0241526751435304
-0.0477515222420877
-0.021749516319029
-0.154299848566536
-0.510868457075295
0.0444546443309898
-0.0624990079680173
-0.0229135300063273
0.0630011396953744
0.0267151072566414
-0.0574691301497075
-0.0181111398608054
-0.0666713533959231
0.0674530104986512
-0.01250603971159
-0.0203084894272282
-0.0549019518723697
-0.130779074034796
-0.00339132575045003
-0.0882177027404385
-0.143669595449249
-0.0336920805251508
-0.0495894813319646
-0.0322168249933638
-0.0154900176693027
-0.727446889446807
1.33336724332349
0.00361115306391519
0.692254827316411
-0.0783454458811836
-0.0228010549421854
0.817543587169988
-0.249568050247701
-0.0795278823619792
-0.046062845147665
0.0272797045321277
-0.0520733777513594
-0.0776144395948461
0.419415743327255
-0.0328307326784789
-0.102702757391075
0.00797764215846628
-0.0416664277014557
-0.0542576082262099
-0.0194592316912641
0.0417534889727448
-0.0107949772452528
-0.0535853563574901
-0.0373480352058036
0.000234968818226391
-0.00557957084450738
0.00145135477193768
0.103520121943692
0.605020501697546
-0.279478345046301
-0.0247111553881934
-0.067433785237329
-0.0600758753124081
-0.0639485634950021
-0.0761471569699258
-0.454923456934432
-0.00331191610520334
-0.02724031510195
-0.0732565461968196
-0.0598738349713728
-0.050889922890557
0.0213107768031376
-0.0673675936180782
-0.0938235298554778
-0.0762433382014684
-0.0700918194225337
-0.0585852482265888
-0.0821929029250661
-0.0656828259985372
-0.028062436039904
-0.0430109374335371
0.139213137555564
0.0399465971201091
0.0118670038169242
-0.0428333771328278
0.006376364072654
-0.0561449106064971
-0.0476594214440072
0.0803346438759676
-0.0595246992021158
-0.254770980486354
-40.1895059572957
0.131322627018409
-0.0933224504712056
-0.0201925149236854
-0.0224880490541591
0.0207760357104412
0.0300145096902561
-0.105825072646677
1.15526770381468
-0.0123043856110322
-0.0116704480892616
-0.0832295157933018
0.00837751489765447
-0.365836930607592
-0.0520298343827012
-0.123486990989891
-0.0746834906164783
-0.0999893591782693
-0.0405233558463769
-0.0476835429636699
-0.0313969458883792
-0.00445102520574448
-0.0426719112843492
-0.0750876988037196
-0.0800741221553538
-0.0856956318734416
-0.0734531475547941
6.13166994615985e-05
-0.688811084982788
-0.0364193065259545
-0.0443475443406994
-0.0377812051986118
0.0662464380503863
-0.00821338524647664
-0.027594807744715
-0.146692409909826
-0.0210163565809693
0.0173105049064126
-0.0555205794521974
7.05736593491897
-0.0799078097488543
-0.0834044728552184
0.0910248349226179
-0.0294606982059185
-0.118060871089733
-0.148857770767625
-0.0788130814669289
-0.048966519161317
-0.165705305443408
-2.94993795285064
-0.216431493729538
-0.06535299573192
-0.132705587164437
2.81755937386872
-0.0302958561615224
-0.0329877012271254
0.0249276227562793
2.73455174781139
-0.0636985972580915
-0.717254565944644
-0.0424376513539722
0.00251991936790669
-0.0154753032123555
-0.170697484474783
-0.0652033146994977
-0.112762250759394
-0.107999776986655
-0.0120738765344181
-0.14293096572044
-0.901971702175804
-0.0144511821353902
-0.0467071877575992
-0.015606921122384
-0.0115867541619228
-0.0662057350043206
-0.192839867256346
-0.0555251635479906
-0.137900577275461
-0.0550310972541677
-0.0825149103115913
-0.034256218347215
-0.0758248470758187
-0.0675177927349384
0.045795177925264
0.0377931079204242
-0.00718407813997472
-0.0250216062958403
-0.0225421958258635
-0.028230227689281
-0.0361126898083784
-0.0527384505362655
0.0316370934097178
-0.0280829038086125
-0.0296241514680051
-0.109103322169939
-0.0843286096875966
-0.0051065841428583
-0.0792305498182568
-0.421742931010514
0.0198009993909012
-0.0294005052332368
-0.034389548618038
-0.0512341573485879
-0.0263365552105612
-0.0216212550282435
-0.0554263350473529
-0.143465487915391
-0.177190383566201
-0.173463509504623
-0.0522172395097655
-0.0355154098206688
0.0150430042249789
-0.0437327988598961
0.300464081264437
0.0396558537642752
-0.0488948357130892
-0.161243895537114
-0.17333898302705
0.0109317683385491
-0.0631229419404128
-0.860493952950882
-0.198324412742118
0.144800174251414
-0.212625655193516
-0.14538338635299
-0.588919851175752
-0.0551782679869692
-0.0295356517527528
-0.0153341039467149
-0.0465334088964622
-0.0525080777378782
-0.079418189245919
-0.0262845841609887
-0.0367686042209664
-0.0955924517149165
-0.0312382264707791
-0.00278102953036997
-0.0247322325605838
-0.0159873267251748
0.0344731600457992
-0.0243534642131007
-0.651802089882955
-0.07279413017197
-0.0491491321343217
-0.0181309099513188
-6.23614945876303
-0.100206519244161
-0.0346864750869443
0.017671293382509
-0.0317327782195411
-0.0549497555969487
-0.24195685912607
-0.070609005202416
-0.00558624987658715
-0.00774898177541777
-0.0461687113182714
0.00709632554490511
0.0368558781838217
-0.0557179088569475
-0.0498017729481898
0.251253330403144
-0.0498038465812757
-0.071511528322652
-0.0518884525177378
-0.180439375561503
-0.045496058222757
0.207852167004825
-0.0943997888363326
-0.0335790359073668
-0.195181155503439
0.0102477818718301
-0.0690389484618616
-0.499029095453403
-0.0352554029933171
0.446245196270502
0.199565334957661
-0.0614081147476757
-0.0518691558817878
0.00328605844173347
-0.537780660661777
0.0336766696058858
0.183953888118905
0.0149345282439874
0.103154864511585
-0.278528890247785
-0.0217913616746896
0.0380573511943819
-0.777689545748522
-0.0794406980978528
-0.0364583867114865
-0.207587390535047
-0.130615938532993
10.117303793417
-0.00902831140021944
0.00183242719788399
-0.0892658517193598
-0.0284283122293948
0.00366986169294328
-0.00142713729700268
-0.172287369452228
-0.0743999568459542
-0.333233414514043
-0.351490492712862
-0.0359809143891237
-0.0208477087058962
-0.122335836853464
0.0873141991273595
-0.0660529526825416
-0.0944698425406202
0.00222653881168012
-0.424068997684125
-0.0362663747672722
0.0537846808729194
-0.127871104219115
-0.0805747546843192
-0.0175090492160771
-0.0313260178179834
-0.102222918519794
0.122591021485099
-0.0187800980141836
-0.032826767547209
-0.70826300756324
-0.0612228508446303
-0.105677929147272
-0.0779255240289898
-0.0642943476558743
-0.0950580360039789
-0.0395635401023558
-0.0998897537886328
-0.132045519696606
0.0322689156375989
-0.00188886223852801
0.0682776216901406
-0.0409996844052744
-0.0229748736721663
0.0115483564247045
-0.689966400472585
-0.104733615551968
-0.0279781829971712
0.0154391755199823
-0.0837763525840793
0.0433198592040274
0.822057771268092
-0.0273121331880264
-0.0182871115192925
0.122565271531334
0.436138349629022
-0.11281556582325
0.235088689127197
-0.100151065440082
-0.00693605514125761
1.89582510447557
-0.0215472566305377
0.430675135168299
-0.0738462962529484
0.00432795532554163
-0.0814617751505158
-0.0300331769632984
0.00620791742190432
-0.0694456774267979
-0.0255493042639473
-0.0447849673318214
-0.0339657605816739
-0.0303709744353872
-0.204774255726228
0.301783175932318
-0.0618972975452632
0.0369692648024464
-0.14595485039167
-0.0629796470695008
-0.169684688383643
-0.051805560210489
-0.0471577718166134
-0.0347098830622316
-0.266306226487912
-0.169203044445089
-0.0136916521710518
0.0174742242011951
-0.0486925380042353
-0.0308345498724143
0.127941109801055
-0.0374551858302016
-0.0758749929575766
-0.0413993951099124
-0.0161107047963669
-0.0503861702937175
-0.0820437681320987
-0.0764183610683694
0.0583961212716907
-0.099000596130706
-0.0253131742140439
-0.0605317655028372
0.0301521093658378
0.0198422200316996
-0.0961127205236427
-0.0179316835313017
-0.0177947167367126
-0.0889187792555459
-0.0739385006583754
-0.245680018488944
-0.0638134681420401
-0.0316441164114661
-0.0721623529796849
-1.43707673919336
0.0250704785365112
-0.11117277075134
-0.0326033314099197
-0.0663578430065103
-0.0556680901461504
-0.0481470119092186
-0.0580130696965605
-0.094767542534231
-0.0061906438143669
0.048924478837521
-0.0200421430045258
-0.0878417201837334
-0.0756916881464528
-0.124713054978518
-0.00484862861309306
0.0231385608505368
-0.0822305468324282
-0.0150438223621427
0.301817294894695
0.151742087048681
-0.0607532207455537
-0.0379245294293965
-0.0513248458788611
-0.0335049280095497
-0.03027025939241
0.011077744153854
-0.0439848218240333
-0.0465686812779091
-0.054253028266923
-0.0252354814731749
-0.0408056992033733
-0.118443383069949
-0.0487385141558484
0.0732055081498425
0.0113652922862396
0.00198330950776382
-0.104517374650719
0.0854469342380568
0.0168475322787145
-0.0298124134812373
-0.110082340113656
-0.0882075024480574
0.137047439476025
-0.0582665820578259
-0.616176616371208
-0.141349830683637
0.107974463970351
-0.310193968068977
-0.0188538382490096
0.0375360371721858
-0.131207907630628
-0.866368010906679
-0.00682072873913505
0.117902868906604
-0.104738004201596
-0.0249492913942355
-0.068850443017511
-0.0253113731520801
-0.00943783988034304
-0.068467119836149
-0.0257154641758657
-0.00525048494745314
-0.0747473939172863
-0.106780837268715
-0.0934490392762566
-0.693230857939852
-0.0443069807460149
-0.0491849874475617
-0.00285273661778625
-0.154280848256148
-1.48665548223477
-0.177321607614218
-0.133261347255134
-0.0745933119290281
-0.100882686993193
-0.868814195316678
-0.0938941610576474
-0.0091370351289955
-0.127730178561153
-0.0246558637522344
-0.0441775244050396
-0.044766682181412
-0.059687133796689
0.0834835217717983
-0.257641934822548
-0.0168242914776502
-0.0748913301473202
-0.193833148427344
-0.0389288397256374
-0.0454689982493954
-0.0143193155472481
-0.0348042640135964
0.868177758505731
-0.064033989231244
-0.132096876069449
-0.0363636336689776
-0.0265151412952009
-0.0244582912777409
-0.0392411192154681
0.355189272324694
0.205931439435631
0.286127871829191
-0.100975802568873
-0.456242083190789
0.0693086523157149
0.505012970122552
-0.00913656427679793
1.39994935557622
-0.0378944163117915
-0.0176611856788203
0.0641600449529757
-0.104750098390226
-0.0822097942751798
-0.0063306972333911
-0.0700179105958165
-0.071635731518059
-0.0679233280631152
0.0923020277090807
-0.128352462788523
-0.0643205800670818
-0.0266305002829813
-0.0392669112386198
-0.0295517294524392
-0.105352888759628
-0.0375426130914678
0.00938676484185215
-0.0397739856965767
-0.0258898464379063
-0.0167273564663254
-0.367390683775319
0.0957760297027172
-0.0212889559898258
0.0700936932117538
-0.124280981599143
-0.0453969244524244
-0.0547159395423219
-0.0304829570305438
0.0523518516908716
0.195196516380631
-0.371049851493244
-0.0130768662603056
-0.0249809347268021
-0.054541591302184
-0.462882889770731
-0.0294552093774523
-0.00591472871143729
0.382739418161612
-0.0446100322676799
0.0475978436454552
-0.0192632792089181
-0.139480913433868
-0.00713065259487249
-0.0697119809769814
-0.0881510880380826
-0.0306011821674168
-0.137708922174063
-0.0415431839887159
-0.208727140590217
-0.232441868005195
0.226958904254945
0.0259378365990804
-0.0907893000459517
-0.129304966145949
-0.0497701192009597
-0.0537486091194226
-0.0891484650003842
-0.055005571872738
-0.170847386782748
-0.0434453057301123
0.0557469318205032
-0.275356677633493
0.26980825057564
0.0112045035136317
-0.0580672789751536
-0.0114781752400845
1.68439464449356
0.0336016110148366
-0.0856899716535115
-0.0544765383852514
-0.00486253143170703
0.106151040112982
-0.866147877960878
-0.0384484222060653
0.000892759224496456
-0.158830983645889
-0.312869849893275
-0.027013629467495
0.105839031410825
-0.117348615219405
-0.0723158425961858
0.135434314434778
-0.0657838257617344
-0.0175881473720791
-0.337510116694279
0.00387366186816261
0.0947951463442716
-0.0379362039626682
-0.206355466374808
-0.0598586782643423
-0.110198571457781
-0.0507602166059094
-0.0395073956459331
-0.126978931495479
-0.0586494642109772
-0.0349463440622006
-0.0567388087562115
-0.0484772208373768
0.00304217060229876
-0.0556117991931272
-0.0102696206015796
0.0114300454180691
-0.180160791501226
-0.00982516181792573
-0.0860014828653992
-0.0980833100614105
-0.00559879505620833
0.0459618012095206
-0.031187409202719
-0.059485796564609
0.0392955361184086
-0.0235460032517932
-0.101191468671492
-0.0720711494436214
-0.000362688135572158
-0.159507083893801
-0.0409354120836478
-0.0468972037894938
-0.0944318002040196
-0.0190193820195504
0.040002695396485
-0.0488278318962316
-0.0435831990390424
0.0163054040495751
-0.0314748094704237
0.00228830069122161
1.90112610916251
0.0281748577750422
-0.11638049494126
-0.168323278119424
-0.0868757774373483
-0.137810092013693
-0.0389246297371508
-0.0275094094019961
-0.0187483966987702
0.0444279246993778
-0.162140591033445
-0.0798506438466574
0.0478025734433766
-0.0240157697716315
-0.0547003604845775
-0.0696196893598937
0.0496841314739067
-0.0657997126094302
-0.00710645703713795
-0.0316096077360815
-0.0957895118035336
-0.0261290674380244
-0.0406546872444218
-0.0244522585822631
-0.0448002023989156
-0.100424895010936
-0.04423811636682
0.00969432454957524
-0.0601596046723056
-0.0371020043077926
-0.043076563900164
0.0322635382416015
0.272116689619332
-0.319426073716351
0.375568252886847
-0.175463773554875
-0.0452942409224404
-0.0206022260672219
-0.0607075767851202
0.061845027769691
-0.096333704666643
-0.0249264463555649
-0.183833624688115
-0.0263316374812386
-0.130896516464432
-0.0636075107017662
-0.117619259578453
-0.0521766766904988
-0.0175887942562618
-0.0462845062199188
-0.0778598262758234
-0.414639722095015
-0.095578581965136
0.0125273847322701
0.00876210749224494
-0.0675805923848367
-0.0406983227813203
0.311428339134446
-0.0300680571666096
-0.0120394831869809
-0.175394029052092
-0.160734980675072
-0.0931979860184049
-0.0318941213115838
-0.00490403619964862
1.79066885271819
-0.0545997501192945
-0.0416780842792936
0.0444721530359022
-0.0086041999772474
-0.0450339578115814
-0.0350475871703963
-0.0312528697357908
-0.053306771474022
-0.0204240844554895
-0.203704329135927
0.381223453859479
-0.0315748120169482
-0.0990829516095616
-0.0387856174251111
-0.0233452510749803
-0.0153646323914503
-0.131104228153408
-0.068957992204411
-0.228401255265792
-0.0574889729689586
0.000803012848846138
-0.0359095070262429
-0.0482519299528199
-1.15739665175838
-0.112324001750685
-0.0389281481141246
-0.190102624592294
-0.0770956900217662
-0.00393016301332393
-0.19554466503028
-0.07777163079755
0.083432266825788
0.430752216607476
-0.0624997939048749
0.155141964328482
0.00364322164716631
-0.0624138725324065
-0.168256264277948
-0.0213142447559552
-0.0509473684689541
-0.105847879434469
0.060116755095566
-0.0933799750672979
-0.0611461224844928
0.219839269336524
-0.00169734245545892
0.0243359278987331
-0.0301474775495469
-0.111876306366951
-0.135512988084079
-0.0139702578737002
0.0295046545118558
-0.0841759968195578
-0.00025835027572936
-0.0659837175641274
0.13532760272724
-0.0481449942463487
-0.0406290953821693
-0.0343699322267858
-0.287798766313347
-0.0749266216301584
-0.80307728082755
-0.115759869099845
-0.0114807477262013
0.0461505921926253
-0.041605223877869
-0.119554356272258
-0.100393209109966
-0.12945363559857
-0.0169245365171155
-0.0511127065228275
-0.0496698136280193
-0.0286852686174664
-0.164604816462717
-0.0792197770014287
-0.067448860498047
-0.0422422768913496
-0.368948391011995
-0.0141481222168081
-0.0271640502039492
-0.0460553299380473
-0.187832053083088
-0.0336844002107881
-0.191690432036242
-0.0312833259206993
-0.0134302247367872
0.206208098891252
-0.024157146400532
-0.0164319087555179
-0.0664866414976336
-0.0319853505396195
-0.164554322594239
-0.0916202234508121
-0.0634560847580184
-0.0552269030647483
-0.0146550106064635
1.22405564038925
-0.102836492622669
-0.419645019867602
-0.081453351974194
-0.0541979906416732
0.0315719917944276
-0.242118256721563
-0.0751658710868766
-0.0511969752349276
-0.120834657952339
-0.0856853559387383
-0.15151012418677
-0.0136682262800671
-0.114864042231874
-0.0310784454990344
-0.072547778165278
-0.0366298417871089
-0.083278760456548
-0.050552688715636
-0.0806594719153289
-0.0447546146864428
-0.079294415666514
-0.0604334595288465
0.0602507710627217
-0.0330611235729018
0.0390949333267179
-0.0990699504835524
-0.093211429489511
-0.0540005231537716
-0.0129195500626529
0.0520270970861703
0.534353446794668
-0.0999898261354971
-0.0785055302050928
-0.198268834066158
0.31317972023909
-0.159688382688193
-0.108543360188271
-0.0404840034495964
-0.0300872602578537
-0.0620252846962949
-0.0120976688957381
-0.044993573589027
-0.0375220658456318
-0.0715546802727885
0.0860878823545601
-0.017046399721053
-0.0292564370975545
0.0673581584457862
-0.239295026120119
0.0540957528898361
-0.46049389751157
-0.145023224899305
-0.0331434683287817
-0.278682725877603
0.0186812731221981
-0.126593866543602
-0.0205875969466042
-0.044185592684642
0.1043215994257
-0.149427375478195
-0.0291645231560762
-0.0576517672855168
-13.7578595099316
-0.0555910991877406
-1.19277880840259
-0.0411637720723396
0.0242723423160704
-0.178182722219283
-0.258362399545234
0.166805402634089
-0.0103554542094846
0.200840583775149
0.0219903361541031
-0.0672437976258968
-0.0176698464375689
-0.079960515843384
0.115084508649515
-0.0187167321666141
-0.081320005436006
-0.0624820281527041
0.0102613724043946
-0.0635682231569451
-0.010725598114144
0.0587227114773204
-0.063348399479084
-0.0152330277618258
-0.0772369593431651
0.0688668908825474
1.70582201210398e-05
-14.8765314382032
-0.0461822175493808
-0.05853970657282
