-0.0457877370533954
-0.0166377175782952
-0.0404112729581441
0.0492286097417371
-0.026160587530634
-0.0325821409417889
0.0377988093479831
0.0331940260351148
-0.000126258787499126
-0.0112599834766924
-0.0161495615485715
0.0904492063373881
-0.0174661981718387
-0.00164951236201465
-0.0149210171481639
0.0188276211378375
-0.0417803895435787
-0.00335104703849801
0.0622045565042896
-0.0139185486685068
0.0462175287612237
-0.021310515461099
0.0353092202865954
-0.0256917001305583
0.0506854955474178
0.0199803397532286
0.0668829967808261
-0.0147794850377325
0.0253322806227558
0.0449270051697495
0.00666809898541077
0.0899705863851714
-0.00392067792556135
-0.0212597536427944
0.0233128088052828
-0.0101429184302611
-0.0292017561857491
-0.041945057511368
-0.030187448324193
-0.0216068902815523
-0.00468538316643916
0.0293139241499498
0.0255384885831649
0.0337028263585029
-0.0090039466238387
0.022451802817717
0.0578015720844346
0.0598933694901037
-0.0113802261911662
0.0068226017050493
0.0346664667730873
0.0694064382487432
0.0843222943177042
0.00995717891933613
0.109643983190326
-0.026990040156754
0.0665686824702104
0.0161409994647838
-0.0028267846827195
0.0552358431868046
-0.00213167125667558
0.00755509315687514
0.0645405034861766
-0.0252007879492409
-0.0452339095413732
-0.0120257346686176
0.0532339787747658
-0.0457404795819817
-0.00391257434516408
0.0193491361546266
0.0311035328776606
0.0658357200480924
0.008997622145065
0.0438386437386374
-0.0239816239816941
0.0498221218884126
-0.0119360175490494
0.0437855738266194
0.0108356274025269
0.0325300522299373
0.00928094464423502
-0.0060474297383865
0.0115991762981237
-0.0102066754930122
-0.00711725251965895
0.0899327758222532
0.0809281150137355
0.0469588453759576
-0.0169626733647815
-0.0407441201539956
0.0184508648223191
0.020210084268488
0.0318491975981462
0.0374234828914197
-0.029413468534596
-0.0504149592365148
0.0680441492172563
0.00768674991436857
0.0374121425172471
-0.0308208643287492
0.00244848227023064
0.0144917237560327
-0.000325042660652378
-0.0615519072403341
0.0235280825874041
-0.0307648599787469
-0.0104932078375793
0.0535679138682848
-0.026394012090766
-0.0201008544824041
-0.0463833018416407
-0.00846784418038995
0.104720712206393
-0.052318263077816
0.0105991443059505
0.0969949430091552
-0.0225216046509653
-0.0144351910081324
0.0234556543000656
-0.0875422650402123
0.0465483182299499
0.0128248135563434
0.0582837938722052
-0.0282369136735965
-0.0557542522226425
0.0147309188357322
-0.0195224279757792
-0.00972417659710079
0.113019800175388
0.0287927596317857
-0.0228988596016701
0.01489431034066
0.0332252251539378
0.0202401357660872
0.0101552494894321
-0.013519169747158
-0.0161611137140811
0.0173998220687762
0.00382310381185644
0.0156264536509837
-0.023074046535762
-0.00300695976251132
-0.0270913523032462
-0.00697953331354088
0.104400376603352
-0.00148953949068755
0.067049417546689
0.086042319495256
0.0742894813420132
0.0196182735550463
0.0432147513592801
-0.0186761530349797
-0.000935817674892758
-0.0361032098787963
-0.0138352883735289
-0.0176056322952433
-0.0133586199499172
0.127868809288447
-0.0406406150100802
-0.00046958664862988
0.0161799379428831
0.0235307875380247
0.0617913230855437
-0.00459043500689008
0.036265272793937
0.0347891079564113
-0.0313481769962319
0.0185274558611336
0.0664388337114345
0.110789799041023
0.0198026819568737
-0.00089303451846201
-0.014856190435374
0.0675165842615483
-0.00830066374732989
0.0706160619286456
-0.0506743762111724
-0.00328447988811126
0.050422079070511
-0.0230325608450804
0.00282322963659872
0.0184511074061735
-0.0348566105654415
-0.011884319345971
0.0790823665628282
-0.0759076016090467
0.0651822591443158
0.0800252880794146
0.0688983837958475
0.037135056357249
0.000172544591045355
0.00967041559345741
0.0415578898966422
-0.0319133554622767
0.1056473532308
0.0427717530872146
-0.0184316655549485
0.000694520224290972
-0.0203729359464166
-0.0500823141594711
0.0232992384848455
-0.0936216163700274
0.0336179716253537
0.0275152262838482
-0.0421459395829131
-0.0492054818847258
-0.00276906117599798
-0.0149097382060912
0.0353031236282449
0.0563973843578974
-0.0210397328567301
0.040861308915726
0.0600871401266196
0.0282263584482793
-0.000687546466463698
0.0148758880043879
-0.00964007234783237
0.0359628366335531
-0.00956844042881421
0.0278189554561474
0.0451981613211182
-0.0166104664144343
-0.0256585796218099
-0.0244533286762797
0.014368270013625
-0.0166320800265845
0.0156444462190958
-0.0382781627523954
-0.00215003124917461
0.0143990402554301
0.0218665882687839
0.0693694181109986
-0.0177560599568938
0.0201980654547533
-0.0432336249738081
-0.00739203374151065
0.047928195740441
-0.0427748975893018
-0.0174463150652171
0.00693553630455415
-0.00434806544152047
-0.0115000969157194
0.0393796050834567
-0.0136665522159008
0.0016671538933719
0.0345736823550543
-0.0483807358143757
0.0113881825960564
0.000244161533414701
0.0843985656843466
0.0163860944116597
-0.0279559605401903
0.0930148342825926
-0.0356749830967642
0.0312738913762941
0.0141508844051362
-0.0560536860688939
-0.00552664431369145
0.0284290390370231
0.0845465269116253
-0.00764242327730424
-0.000256735348422729
0.00498017093168951
-0.0143246400911529
0.0143167664450377
-0.0151605196368625
0.00513223629760558
0.0322698136011756
0.0202091620356302
-0.00840145085715367
0.0523730449376556
0.0330777282132703
-0.00739359667122552
-0.00643168746089285
0.0912767206862999
-6.86883148611622e-05
-0.0772538136021868
0.0106776021790837
0.0160334521125998
0.00613444381023185
-0.0505665235984166
-0.0350766043002817
-0.0210889907437457
0.0989341705017607
-0.0111383465840476
-0.00919775481450259
-0.02349885334874
-0.0327817591573655
0.00463720076042481
-0.00609609000730041
-0.0186346224325343
-0.00759630246027365
0.0057018716007018
-0.0118491449451108
0.0656976335828406
-0.0267416245188642
0.00441421415620756
-0.0245803545085504
-0.0111981882295629
0.0148465748142075
-0.019369355022479
0.0516264119990376
-0.0146120491783811
-0.034733975651273
-0.0202191607809178
0.0718268814922966
0.0118406743339262
0.0557100977944743
-0.0143964917628446
-0.00235176814643194
0.0224965877457598
0.0280525809798962
-0.037661892917134
-0.00574519722425004
0.00702109583789389
0.035376938219009
-0.0085946319894475
-0.0291800692914175
-0.0394009797892786
-0.0298549149468998
-0.00487531713230082
0.0526212192029634
0.0104442854434328
-0.00302258262738707
-0.0240889399556858
0.0470425491326651
0.0130258426467727
0.0166588886622876
0.0413257130587422
0.101657647381505
-0.0275103373449533
-0.0606440055572216
-0.018744235977639
0.0328123112821917
-0.0164286331743674
-0.00784482231561964
0.079776190359893
0.0101018967099048
-0.0326357317212181
-0.0278963763100103
-0.0815468882629532
-0.00446294497050905
0.0793167581367023
0.00590618688035786
0.0245041200056052
0.013901788231386
0.0167614222088113
0.0350900013863016
-0.0183614161152464
0.0141556115775916
-0.0293210508807036
0.0117560104178606
0.00959334897444155
0.0109808773823923
-0.030392660753065
0.0112814447850223
-0.0341255688574977
0.00386457797506596
0.0705020910807996
0.00447958692751986
-0.010519777857181
-0.0191188182371073
-0.0256817761744979
-0.0227593761688301
-0.0318326989507337
0.000459852309471792
-8.82132729647031e-05
-0.00460754674105222
0.0444436762290758
0.0168144480368199
0.0150612120160119
-0.0204212039574261
0.00725844593924692
0.0293944501957797
0.0051133135030792
0.0350588340169103
0.0677650605583989
-0.00241618053951912
-0.072000379422201
-0.0550292507140082
0.0100097259201771
-0.0152071945395428
0.0306964013681055
0.0240667412325699
0.00810972544890405
0.00642441763278068
0.00653702248519327
0.0168853056062556
0.0064688944370992
0.0429145350903899
-0.0102575228572502
0.0377195846472133
-0.0231393897781977
-0.0606461236729228
0.00283154933196663
-0.0029085337681114
0.052677781017269
-0.0196128810811697
-0.00340402758476282
-0.0540379343445406
-0.017429582436072
0.00203886223549533
-0.0175161150826923
-0.0043078951117933
0.0134691384435147
0.0105488012842305
0.0055465378195398
-0.0292996150973755
0.020689640296209
-0.0404272616406862
-0.05125239858757
0.0389241687546813
0.0408703530540682
0.0355655697751382
-0.0302711956946901
0.000984840792591569
0.0347767818303888
0.0140090633616284
0.00260944027204252
-0.0192301154347215
0.0124982378106936
-0.010330494478748
0.0167827298589098
-0.0168258855288294
0.0211945391148329
-0.00365340113135491
0.0179536723342243
-0.00392176246012412
-0.0557873451490021
0.0832648723792423
0.0190720143584242
0.115097514577997
0.0102588973119334
0.0772855423572147
0.0213817349210407
0.00679005495431646
0.0292968837670135
-0.0222249007468903
0.0866072002873
0.0674702210467341
0.0198384220937267
-0.0224048261894649
0.0122807104565088
0.0244606426470321
0.0155520770397779
0.0612564208635937
0.00631768803753527
0.0452798665135399
-0.0447534436073233
0.00999602927803737
-0.00241556646283298
0.0758604015271685
-0.0114073242740578
0.00699761976905625
0.00249955236878178
0.0123233353042032
0.0427574452013519
-0.00490115185663642
0.0831329601511073
-0.0181902622765935
0.0323041867086665
0.0472881885481216
-0.0454563390560419
-0.0323950294899074
-0.00120840440749468
0.00328793064513341
-0.0369161101074083
-0.025618663583885
0.0892226871530194
-0.0905259326958434
0.0281081180188221
0.132019618827392
-0.0457615370497758
0.0364765242939463
0.00145595067180001
-0.021371127550335
0.0447863797076257
0.00118840547477134
-0.0423770773262295
-0.0334108976520825
0.0155019600006782
-0.0453816477749256
0.037553278610078
0.0330482282921314
0.0251270439033635
0.0812835828316809
-0.00158570530355643
-0.0233037746853965
-0.0318095491673989
0.0267138284098931
0.00120391655843224
0.0406829344348799
-0.00245788605885715
-0.0129644140571462
-0.00468678838582548
-0.0331127746537691
-0.0356158291173399
-0.0223023542138975
-0.0658080088817656
0.0539905024787025
-0.0170973510386458
-0.0265147244387354
0.040334730389992
0.0179290330158934
0.0632743318476376
-0.014342213865651
0.0967944685374665
0.0264414764116854
-0.0264235098259547
0.020912329798691
0.0389820075767607
0.039082710381368
-0.0173542029406143
0.0217934073104759
-0.00136191465237478
-0.017222921831159
-0.00223041133990207
-0.00376812095561104
0.00281262278692723
0.0163253058263508
-0.0155689693399921
-0.0135577903921334
-0.0293332804036569
-0.03071791243794
-0.034935402079841
0.00548654415082656
0.100308241679398
-0.0245320635483729
0.0597067924710854
0.0307021717293573
-0.0303979445108136
0.0535649012881369
0.0229741250837242
0.0257346602758356
-0.026959188396183
-0.0990880480456096
0.0345677769234291
0.00145217742309606
-8.04029531375622e-05
-0.0140667676381196
-0.0123630898913821
0.028873149852001
0.00601813486611469
-0.0569615321757123
-0.0286512810925794
-0.0177359863718661
-0.0574341840956228
-0.0142858508437301
-0.0142427556346724
-0.00727916846627048
0.0207556205985623
-0.0333218925380181
-0.0163766699932293
0.0415869653461515
-0.0167487761822348
0.00148957107270538
-0.0130341459009979
-0.0276457325412807
0.0229058316872764
-0.0267039035067595
-0.0461233667914853
0.0680019675817854
0.00332710183135704
0.0542964724594408
0.113409567771233
0.0523664266631733
0.019909853780291
-0.00451555912801663
-0.0226611366893982
-0.0477072535943891
0.0173058668743249
-0.0135838293678135
-0.00517672313430852
-0.0218222809585955
0.00404692819434368
-0.00441196342973979
0.0680951799929487
0.039200673635957
0.00575860664595913
0.0127612738383848
-0.0533312542616819
-0.0325766153973991
0.0917631946328077
-0.0380608863850775
0.0939042836613546
0.035742734278627
0.0192092611326411
0.0356646720906453
0.021177231627589
0.00427283621336589
-0.00528545362979002
0.0562788715956027
-0.0281932271890176
-0.0504066976622902
-0.041078634105042
-0.0308548312286152
-0.000422926885264741
-0.0311060368634222
-0.0273858407903598
0.0093756151900655
-0.00756198510195847
-0.0341959272303357
0.00684164160525858
0.0697278926578341
-0.0256374362827386
0.0801792701445175
-0.0183725931758001
-0.0209476704773065
0.0381095859657371
0.00970430540591571
0.0181580017107713
0.00482605797183017
-0.029904297628038
-0.0332762880427796
0.00277487653324672
0.0460838073441492
0.0260261586636693
-0.0113738647598401
-0.00127166051012859
-0.0278715295385423
-0.0349188576595469
0.0156902738219401
-0.0359002300776481
-0.0258679737252093
-0.0347994553674747
-0.0477019098595478
0.0055282711146567
0.000113640297524829
-0.0387419630656109
0.0429590324426133
0.0141814775951071
0.029929802122604
0.0471179947595475
0.0493250581361219
-0.0156993358996511
0.0195425374575735
-0.010161355448115
0.0713921330899843
0.0292302357047577
-0.0266206487474758
0.020567645759026
0.140900555342209
-2.73252364958662e-05
-0.000426264183110737
-0.0307260679882223
-0.0295930804795392
0.0535597161192641
0.00435328237480427
0.0823533362122754
-0.0255057490395752
0.00610804597118701
-0.0601443894192517
-0.0044098784349855
0.0237317988459236
0.022176600839381
0.00124427819931638
0.0667910338507184
-0.0260101546279821
-0.0376124840929786
-0.0414594684406922
-0.0267531420165933
0.0406928111374986
0.081347026869499
-0.0581058618049127
-0.0142999930908139
-0.0352661257322434
-0.0768724964091098
-0.0276262368356831
-0.0162415963524275
-0.00595100786356655
0.0477786887717204
-0.0582296903403609
-0.0603470627974129
-0.0753469198621082
-0.068970679955811
0.0611405174778898
0.00687555422200157
0.0334003878774109
0.11805880379242
-0.0233016330941756
-0.00531384481953827
0.0231077659570527
0.0706417184324428
0.0606506205305341
-0.0233820348361561
-0.0136970646823646
-0.00894584881117637
-0.0262755349003551
0.00613076441888449
-0.0279503666551893
0.0491676770557684
-0.0169021833131869
0.00336075129590881
0.105718575454816
-0.0571593019188189
0.0263904488336069
0.0269031076493781
0.0408827964383442
0.00404896080600736
-0.000241501613609731
0.0595912261688034
0.0905460881535897
0.0146071406035688
0.0405405252341234
0.0262682833448176
-0.0491290377577736
-0.00657655973196953
0.00914020790606832
-0.0156610261329734
-0.0423867467494413
-0.046340495722843
0.00571313827276468
-0.0413365629983858
-0.00490642545231248
0.0281599427306848
0.0574784764543341
-0.0149583151432483
0.0057501568653497
-0.019777052073479
0.0532979185203427
-0.0191818980412098
0.0597288286184615
-0.00422836848181442
0.0390335948485774
0.0173527619922621
-0.0433175844750963
-0.00676821545844081
-0.0242586267376134
-0.0299819538691312
0.0301790271278999
0.0111874304363555
-0.00956678801924067
-0.0269639555994328
0.0718811510217097
-0.00690261028320469
-0.0164233918258178
-0.0319622935330616
0.025732987927556
-0.00505336261971159
0.0449949673287701
0.0183139090024965
0.00972960991156464
-0.0155819091846218
-0.0202525398377251
0.0390196181545079
-0.0064555711076025
0.0587301118949104
-0.000447204536218986
0.0219468502923602
0.0214889940349063
-0.0596451307469384
0.0170298079477362
0.00905582950659263
0.010226637328177
-0.039908518597776
-0.0392663116098337
0.00259998237285278
0.000396428231505042
0.0663070882708076
-0.029682674093916
0.0247895211923086
0.0408050416207819
-0.0537942245230546
-0.033368969613046
-0.0192933665980774
0.0218778025841
0.0759018183776683
0.00169638147507802
-0.0334339290123105
-0.0283763447187426
0.0259319748556339
0.0115376672846313
-0.0235235519057458
0.0298499789570958
-0.00649137541022461
0.0398198062316808
-0.0204468674927476
0.0337605025580757
0.0716446343331933
0.0728036140162723
0.0593781878964465
0.0242262089679389
0.0243271938267554
0.0158139948643508
0.0360109350551526
0.00475882791549517
0.0274361502564976
0.0698406260550948
-0.00718759399565536
-0.0274656174824672
0.0129526344034975
-0.0290144005245028
0.0173145748643617
-0.0266895841319255
-0.022578933704957
-0.0104782370120671
0.0260620090796897
-0.0898301499529151
0.00484249353744335
0.029460074948182
-0.0288569864289565
-0.00112123819014851
0.0107154409887825
-0.0275333315019151
0.063617828793146
0.00331092788130043
0.127147485327784
0.0328831997440789
0.00361472246856269
0.0493224897000482
-0.0156835494789112
0.00986929620610096
-0.0296285888870999
-0.00640466374970349
0.0247815606713754
0.0113734594889958
-0.0151199458544415
0.0462165645489474
0.008818151280499
-0.0015602634213488
0.0100276091868171
0.0426910315467271
0.00570409681706598
0.0435717616208726
0.0854972669848029
0.0244814016545361
-0.000447007879179277
-0.057682371984357
-0.0582439371278606
-0.0305731105309588
-0.0477997856943496
-0.00455779238471072
0.0624710761879289
0.0346547662435352
-0.00590353297671817
0.0494212103771089
-0.0290392132042059
-0.0539959752427693
-0.0188311168720951
-0.00402014786855566
0.00380226007847748
0.00909761657366484
0.00975458452523029
0.00240256547891366
-0.0760346181677522
-0.0292179504356
-0.0494974166696502
0.00710608259827587
-0.00885234926331059
0.0203384614202164
0.113130544156848
-0.0131402439679371
0.0162314606035667
0.0455302082606238
0.0648699258177626
0.00410964453000608
-0.0129357211378091
0.0806519209432915
0.0535318577399383
0.0386411347818177
-0.0424968457245798
-0.00881661308125596
0.0143364461226953
0.0604202673261252
0.0312885847762208
0.0111510786068147
0.0201111667869018
-0.000879366381239921
-0.0266229152255025
0.0958804994317496
0.023777095133843
0.0451464496598509
0.00203238341784089
0.00182723690083594
-0.0151015001876876
-0.00339545868176314
-0.00757378720453854
0.0756095364260361
-0.0150634106095093
-0.0300134015749834
0.0346410064539114
-0.03210007759533
0.0309606199538264
0.0656874579516333
0.0229739657283789
-0.0241909136664728
0.0204099391440047
0.0502698037486094
0.0243506904113343
-0.026200629639663
-0.0302646184894359
0.0352477549927831
0.0843367181819177
0.0781502938432681
0.106168434350708
0.0301423195543107
0.0779633042975346
-0.0368914794482754
-0.0204251722903111
0.0192001233849733
0.0401157496196733
0.0287731064047623
0.042354926419945
-0.0184738047657403
0.0831511575637594
0.028272193804465
0.00153176854486258
0.0308016299424546
0.00392820378894638
0.0362861235258873
0.039586405846827
0.0236265704497895
0.0195829165847497
-0.0325720710058382
-0.0626604651304407
-0.0240396244205978
0.0756450210322357
-0.0585499922662759
0.0232369262268203
0.000305009187001923
-0.00716818524381995
-0.0335591258829142
-0.012968613270796
0.0142398773283617
-0.0547212147161266
0.0247098109787596
-0.00209088384913701
0.0412429883750798
0.00148367740060189
0.0592366070061392
0.0225769639852795
-0.0485578330866184
0.00471607511120564
0.0174573696218768
-0.0165867918649382
0.0172009180920461
0.0287469825250474
0.026389614878538
0.00650936659740523
0.0210857523247259
0.00246147186557956
0.0458780246494411
-0.0193282198214714
0.0223676487105696
0.0299108459659645
-0.000975561900112235
-0.0472282812950577
0.0124873733863663
-0.0233137940882882
-0.0193526619795091
0.0194153843532273
-0.0256833815467288
-0.0189893522014982
-0.0295602516423573
0.0230794610682991
0.0405651044916242
0.0339704336725124
-0.0306265324737045
0.0081473211883984
0.00775780961985043
-0.0178241506286328
0.0254581162768079
-0.0215096601087681
0.00797312408244737
0.00850825220920654
0.0473980085764953
-0.0275625030264986
0.0437393131274222
0.0495959148316073
-0.0339760273557957
0.0496860294388864
0.0796955136187445
-0.0299404286394469
0.00417078678847067
0.0873818275110769
0.0572915716431166
0.0970211879265947
0.0245695084354443
-0.0147938006194067
0.0191957752358146
-0.0185954866292851
-0.0112690337961701
0.064865172039711
0.0154221021748696
0.0242062057392372
-0.0231977047053062
-0.00785400672294981
-0.0396559890337846
-0.0445861046073674
-0.105515984510347
0.00755848832788935
0.00125167241964164
0.0414314248461114
-0.033419683257481
-0.00230587702541377
-0.0161273434922011
0.03146897833129
-0.0365235819647126
-0.0249037020199121
0.00796784353596453
