0.0537435962930221
0.101467506489416
0.0548112673233034
0.0469150277827261
0.00470419290362583
-0.0214716701111253
0.0795760687285805
0.0296327145986229
-0.0197943691878347
0.0173069526737851
0.00626386499715724
0.0195717754090284
-0.000331304939340527
0.027721693116501
0.0358476204448933
-0.00483383966871217
-0.0302637601792245
-0.00924898318404224
-0.0342297375431293
0.000944452939874107
0.0515330471504859
0.0130412160255647
-0.0154257173860321
-0.00342674816342892
-0.00874423661761348
-0.0250733242676864
0.0214587731084123
-0.0402752384041507
0.0442886544597772
-0.0509048275696171
-0.0243395574422013
0.0321284591939351
-0.0178095340360285
-0.0440967937188538
0.0772576148848645
-0.0426813105229791
-0.013424020577992
0.0269217038252729
0.0261629656833212
0.014869697753335
-0.00491948825183318
0.0256296784855967
0.091563527988867
-0.00119039236802885
-0.0257775872378642
0.0272532739647514
0.00874995418671958
0.0991324435155099
-0.0506769024158704
-0.0336241175501131
-0.0182596377663847
0.0135577872757767
-0.0128332482259713
0.088270383035622
-0.0429653067406889
-0.0150704293364073
0.0272903215803676
-0.0502633811308555
-0.0192871184736946
-0.0154403359663704
0.0118635858888372
0.0199965076468849
0.028253819132527
0.0320199110062091
-0.0059188211637519
-0.0292508975794785
-0.0211798916013329
-0.00951100657704211
-0.0178442672152998
-0.00347146992141931
0.0461567604746761
0.0034220769986997
-0.0575174376989754
0.0113198298739011
0.0538815575057636
0.0406518570872765
0.0726737963934575
-4.28300220317868e-05
-0.00359797505841693
0.0339490703960466
0.0682656103915299
-0.0406262054723205
0.0193473623311839
0.0252374493642071
-0.0125764927633042
-0.0285210824571345
0.0133915521534568
-0.00553081440479174
0.0161073311641314
0.0703063433938597
0.0550261436306826
0.0860923924374515
0.0313613935503181
-0.000136566291504228
0.00897137763829298
0.0602701719996549
-0.0457137483737447
-0.0529576338711799
-0.015043608698781
-0.0132160021776202
0.0403688436280372
-0.00892549626054354
0.0110487329519749
0.0145546105657753
0.0650593890455972
0.0689565281079033
0.0892502476691414
0.0126105484974237
0.00929705561901262
-0.0140077573619401
0.0145198014822826
0.0641480389713504
-0.0199358080857643
-0.0219570780471138
0.0446998575403803
0.0168915704335405
0.0334854521279121
0.0291509695590831
-0.060984870788445
0.0483968320265091
0.00159616319945465
0.0240070748795849
0.0183378082626442
0.0125124746640702
-0.0165745101253071
0.0283936340797944
-0.0324732822132846
0.0283521228857972
0.086829965102788
-0.000491819850466431
-0.00540100473535499
-0.00206804496532781
-0.00231501016340856
-0.0275152007792752
-0.0339678115510398
0.0126628731050782
-0.0191313377542878
-0.00451159333236662
-0.0121732988600876
0.016498029806551
0.0292728345200893
-0.0171313037911033
0.0812895291428147
-0.048988970113346
-0.00847899274812607
0.0573840497647707
-0.0105550351078272
0.00191979812274166
-0.0449132303820584
0.0270407902673354
0.0418742750090393
-0.00416810526132837
-0.0176747357447384
0.0572527743016698
-0.036040306917291
-0.0583602921851211
-0.0204059105214473
0.00251444421590199
-0.00376133107200757
-0.0133611056252077
0.00461288137733575
0.0042422180894425
-0.0313761148686966
-0.018916145468472
-0.013290765752344
-0.0246499791986398
-0.00544539067142058
0.016701386775559
0.00190407549187344
-0.0121290910850775
0.0347463172211455
0.0235042459401052
-0.015637538879725
0.00463647059952341
0.00589855070595362
-0.0171535155987257
0.0284176736961913
-0.0583143265452681
-0.0106052600149728
-0.00879944802163161
-0.0317184138230022
-0.00927385189907535
0.029441206631644
0.0861934610942806
0.0323325170088208
0.0522617121065683
-0.0377901146703615
-0.00635742679447332
-0.0315948361294513
-0.0233321007360849
0.0491411699695825
0.0448750172898058
-0.0222774509408852
-0.00743441789948002
-0.022512366782855
0.00401987374531442
0.0327306879447577
-0.0424523374552973
-0.053897492028825
0.0314053292052263
-0.0424181735049011
0.0294599879246679
0.0600872691863261
0.00692258363895763
-0.00813391727041213
0.0218308509959112
0.0637601554251974
0.0161215859770759
0.0235475424258519
0.0540737925139023
0.0145220811080832
-0.0115366731927007
-0.000766891561309171
0.0155829909372716
0.0188807803692948
0.0524691750273125
-0.0190478958416752
0.0596087711908889
0.00256977308467655
0.0977652356775826
0.0461344667090236
0.0318605275323142
-0.00214775943784343
0.111764823244099
0.00475865288257114
0.0404815281474085
-0.00586298973960396
0.045313826378522
-0.0229959630185814
0.000153832554993953
-0.00142377108995213
-0.00532568792969167
-0.021873843750924
0.0220121024434995
-0.0149968342226057
0.0273965640631879
0.0515789702371258
0.0372300928049057
0.0682421526486342
-0.0302644341470548
-0.00152632753628176
-0.0191002022351062
0.0106850010688886
-0.0748306241665019
-0.0167479077638951
0.0119455808796839
0.0627184362280605
-0.0132372154501133
-0.0156811697493888
-0.0432630561556575
-0.0216442162012574
0.0324810983537191
0.0315937505190357
0.0223859370106463
0.0341653495527092
0.0273498307491051
0.0452943922688365
-0.0591870022970363
-0.0342698161682793
-0.0121750122724088
-0.0427035407242214
-0.0506066135907413
0.0143248281624744
0.0830440564077163
-0.0148426594322383
-0.0273827186524165
-0.0383031286334057
-0.0139754474552969
0.0717275321906048
-0.0377088145105178
0.00157853914161725
0.0859187361249512
0.0060294696926962
-0.0303005236072291
0.0376487010398281
-0.00329831940388022
0.0348624333108932
-0.0319630488279994
-0.0619904945953328
-0.0244751738516428
-0.0279425941349628
0.0275674638159988
0.0410102483360696
-0.0186802253607764
-0.0335267293994449
0.00582682508741499
-0.021727119938302
-0.0188923282976985
-0.0018397377432159
0.0439321734436249
-0.00752992564926153
0.0379132507771867
-0.0160929452549576
0.00462554315627198
0.0151278305465725
0.0123684590046938
0.0323481334924452
0.036192002850019
0.0376819392601218
-0.0307450400331201
-0.0521455628175855
0.0434438801738033
0.00119464550387858
0.00886473687080146
-0.036896533637566
0.020855047344288
0.0237602393792454
0.000189121336566553
0.0633913212659828
0.0252341289666185
0.0312628947297728
-0.0628919612866679
0.0312721234237946
0.0205231099142496
0.112536546068165
-0.00232830415748037
0.0788569545512
-0.0645404632812118
-0.0115097895976821
0.0405022585779997
-0.0209095750263598
0.0369049734881502
-0.0295125746137983
0.0946017641175723
0.0575686605578178
0.0222159216479217
0.0360271343904594
-0.0638451625655372
-0.0279846274260032
0.0288829538530808
0.0380432561781562
0.0166024118630113
-0.0103769071958874
-0.0181246435412745
0.0233785456389406
0.0496352999906489
0.0734403590732352
0.0495316757873871
0.0837127989285414
0.022257345767239
0.034395075786329
-0.00311573094673866
0.057543152215164
-0.0550524154397334
-0.00376077221486191
-0.0156536173688834
0.0406497906779482
0.00776852883273456
0.0458254736907277
0.0525741111460867
-0.0010777166393854
-0.0356960367990071
0.00235854992085836
0.0325292595421566
-0.0426307331090589
-0.00652696851461833
0.0272721184755193
-0.0455393889894585
0.0448117273743878
0.0090971751513221
-0.0208951594183275
-0.00449787735287011
0.08379193275113
0.0272970705627067
-0.0331725297500301
0.0479411859361261
0.0169019291478313
0.0588909867606088
0.0384350367390644
0.0140249246216887
0.0401424366040891
-0.0610997882399253
0.095603485272313
0.0195180419049022
-0.016571012418949
-0.0124687992802411
-0.0136862565412186
0.0417261081959741
0.0424697797122132
0.0109657768589657
-0.0494384567683447
0.0275256662843513
0.0662403798651841
0.111947027344672
0.00383672642742925
-0.0280775544905579
0.0736735175573785
-0.0325182151495729
0.00622859201400803
-0.00655405712455236
0.0512128012479899
0.0225381306553751
0.0139499053988289
0.0125758843824062
-0.0193885763971395
0.049809651782961
-0.0404498053878052
-0.0277670064435409
0.00310654648362066
-0.0404839191303942
0.0293306270254533
0.0248119884213962
0.0756857494433845
-0.0320134204593942
0.0191538847643164
0.0898340390863802
-0.0264834557637603
-0.0474793269797004
0.0210027953845811
0.0299819806967605
0.0142946360937318
-0.00440792079401219
-0.0505727489744124
0.0096684311318818
-0.00244231505065836
-0.0206420509783155
0.00491522488218867
0.0148704369330557
0.0893587602129871
0.100836735615075
0.00129009974728472
-0.034419694584348
0.039275573523605
-0.0116519808499324
-0.0130007692870505
0.0141716032152703
0.0587650290888197
-0.0383151139444984
-0.0433129197077395
0.0783734955747745
0.0188417651246716
0.00480521270780317
0.0109406513621046
0.0722575840092973
-0.0207970714785246
0.0842762701787427
0.0155248768479953
0.0215787360104795
-0.00676653193233734
0.00487896105813725
0.0101903186327162
-0.0367225258170157
-0.0100166927508152
0.0160134172597049
0.0128447709209783
-0.0216069188169874
0.0143249326013666
-0.00155158061129551
-0.0302964666473165
-0.0397403091356285
-0.0643500886617161
-0.0203127271938221
0.0584191037137688
-0.0454253129024665
0.0580935575461619
-0.0346427808224468
0.0428230213607941
-0.0193020666871226
0.0671652128064826
-0.0129263170619489
0.0282821306466763
0.0306063690049635
0.107957382671324
0.016307276872752
-0.0219845137788138
-0.0273083039854856
0.0253815311867547
-0.0259820829237562
0.0462676115172339
-0.00816932656419022
0.105218961407446
-0.0399062042813107
0.0411552312267409
0.00629131635771919
-0.00694778522833648
-0.0175074548111441
0.0268270593393401
-0.0189403850228772
0.0133460539183087
-0.0334272886097162
-0.00866922125286821
-0.0363019091724371
0.041043068780614
-0.00437638869816518
-0.00586436540509719
-0.00689200210052575
-0.0259145551329664
-0.0427382237143134
-0.00568184124681618
0.0196340707628451
0.0639414388237198
-6.23812634095514e-05
0.0561682149766036
-0.0100391598371479
-0.00885856000430791
-0.0200964666098521
0.0024548927637557
-0.0208023051079008
0.00984941282319857
-0.0293478236298477
0.00663343104535476
-0.0350569720240475
0.0592954102875323
-0.000850473234106641
0.0129271771780392
-0.0600187371459576
0.019273894308904
0.0318929317527611
-0.0361003102824956
0.00726667915428044
0.0663528878581316
-0.00629547294745158
0.0328273596603093
0.0338068038726912
0.0409180849466358
0.0500804973791472
-0.00553773787276012
0.0595782030522592
0.0452827605417024
-0.0293185189920418
0.0194166441196724
-0.0236601372996933
-0.0392887281923891
0.0621225660200523
-0.00800359246278265
-0.0649592885665115
-0.025715793621518
-0.0310190602814221
-0.024731335984542
-0.00609406445704939
-0.00191467738419807
-0.00764734264264129
-0.0243956414341675
0.0389764702003729
0.0561402831408207
0.0208994300262131
0.0671323853992776
0.0850428910623208
0.013106135038756
-0.0258479572397276
-0.0695661705187619
-0.0320526611178855
0.0777560008104959
0.081033659124393
0.0483922964175439
-0.00355357050782792
0.0803348551871517
0.0145017095229714
0.0388800985962385
0.0610222253658801
-0.0258143151570191
0.0362242493519736
0.047324271461717
0.0472046191429856
-0.0122888233357952
-0.0433709995667456
0.0283631908114689
0.0108018916371412
-0.0183346125198258
-0.0127347962146638
-0.0250989117773413
0.0640166525549893
0.0492927953768897
0.0220549271425488
-0.029535905706008
-0.0291031237538931
0.0817788867160011
0.0197631070326316
0.0184224738670359
-0.0166140118294144
0.0133088199470252
0.0215540605982738
0.0726576690975814
0.00520659685818987
0.0258849923708627
-0.040606701193329
0.0274872089102159
0.0520721232044177
0.0159116947740367
-0.0121389916177121
0.0491767816284149
-0.020979680528834
-0.0288068080593241
-0.0156919503079978
0.0700749907284399
0.0170429311775752
0.000328019554056161
0.0446548178409623
-0.00266560250407171
0.0769396205293436
-0.0496704713867056
0.0273963080076554
0.0313518947730384
-0.0501115241532914
-0.0380125732352452
0.085505662107307
0.00141290949646186
-0.0195551916231577
0.0422935274666931
-0.0283310149102616
0.0285680493795848
-0.00741425536849709
0.000536985769554195
-0.0225541655728896
0.0342748075325133
-0.0284972245290974
-0.00278955534615828
-0.0263633927159551
0.0309975351743647
-0.0402724620028905
0.0200000314850929
-0.0347346014044571
0.0530086290916004
-0.0290206012406032
0.112854518263127
-0.0457727085196528
0.0524466652511019
-0.0333536153538186
0.0401171588517614
0.00532521148406918
0.0897272596623161
-0.0431582587965421
-0.0405639918204046
-0.00208784980163712
0.0504371290140647
-0.00625617126383148
0.0341913227667185
0.0179553269437454
0.090023615710572
0.0426139012387423
-0.0355458027936639
0.0408353403811685
-0.0773458494051596
0.0322817295613213
-0.00716071507602385
0.0119897552736067
0.0160370767339305
0.0320546766418599
0.0313553215820937
0.029846008321648
-0.0412007844231247
-0.023736895810582
0.0405993972975764
0.028900670591413
0.069428241080502
-0.0511762038039514
-0.0478721931082429
-0.0362834488930424
0.0346270583470399
0.0268879728866639
-0.00706907681047539
0.00101863501883107
0.0205399338173708
-0.0299851403488676
-0.0210142546042667
-0.0206556733184807
-0.000259466363359204
-0.016656206255671
0.00123526634785479
-0.00520576478313651
0.0275219379912513
-0.0549634353988026
-0.0271485071101219
0.0257854748430928
0.0158203889170696
-0.0117661070036687
0.0395519859545902
-0.0403230830188188
-0.0576899140111162
-4.50434353463786e-05
-0.0167680260854891
-0.0194838416183004
0.0492744739521596
0.106053497112625
0.0049974775629583
0.00591462754565343
-0.0162882593847093
-0.0298296252221876
-0.0689045653602311
0.00883690456644523
0.0345904561250325
0.0441647945323545
-0.0201220933934932
0.0117821764897887
-0.0334132704789955
-0.00964933821689633
-0.0408670918583742
-0.0119321498952402
0.0768738640926235
0.0581088842231641
0.00692559262741586
-0.0101038723592441
-0.029752260333039
0.0376252325666354
0.0808487551843506
-0.0330132044002552
-0.00377567221427438
0.0252233140979136
0.0496733456447961
0.0372096618345023
0.0148482935168857
-0.0371245435334218
-0.0308136711524094
-0.0622524231704334
-0.0303477092504177
-0.0486908585166337
0.0325438773458085
0.100261248621126
-0.0213231618337141
0.087870692414483
-0.0150254093199525
-0.0161862019484264
0.00767959639651392
-0.00323643731634629
-0.0097725705212609
-0.0127814828281219
-0.0799986001484136
0.0664843733494729
-0.00937099015347267
-0.0417032536722039
0.0823675812370873
0.0234351210645203
-0.0211714587027069
0.0839849233951244
0.004359688285393
-0.00748180375392662
0.0275105910619339
0.0320714877092489
-0.0646542949310362
-0.0420933863306954
-0.0302047552611324
-0.0109073121100921
0.0753250505298118
0.0110262537019871
0.0551359090446666
-0.0311414372853871
-0.0419155939322175
0.00513229802212233
0.047557631690684
-0.044005696011543
0.0241231402042846
0.0225495364180757
-0.0305910373345091
0.0217776934109676
0.0272229674916425
0.0565461495401263
-0.0137612956151278
-0.00351205314929456
0.0410360476745351
-0.00373948952613925
0.0138656816608383
0.0590426635567056
-0.0106426914455806
0.0469280153738179
-0.0234410646248113
-0.0018335703044285
-0.0369896278134638
0.063478939551787
-0.0322730129296183
0.0496368796534851
-0.0240720838343436
-0.0249691697067246
-0.0496934941746916
0.0907760619864524
0.0761677268669067
-0.00167792926742538
0.0807822320018015
0.0673848096056785
0.0454391281499092
0.0583048003938312
0.0631186652202419
-0.00631670671956118
-0.0161439499401325
-0.00703771350111873
0.0108506975253818
-0.0294997652634316
-0.0424356065431556
-0.00555703680588349
0.0397165784071082
-0.0200762086505396
-0.00428415614209005
-0.0430476191191468
-0.00576905273194668
-0.0151015587184235
-0.0137013942034763
0.0156456563464138
-0.0166658357310085
-0.00934954149175909
0.0462470985554019
0.0209064124060698
0.0619390994428805
-0.000461412505422358
0.0549234207146621
0.0253942572687035
-0.0269770235289587
0.0505957131398206
0.00722789041929719
0.035498721015977
-0.0303093875714348
0.0102622361679459
-0.00430267527690575
0.00534491219698199
0.0450054485471118
0.0682093540074745
0.0342346314390775
-0.0421686196163314
0.0290549981144597
0.0378392759006196
0.0867109715372807
-0.0443540572183228
-0.0316451723902318
0.0371452135370918
-0.00379109258089911
0.040393799955807
0.0700199476356096
-0.046928230333512
0.00461327412961652
-0.00383637268272621
0.0864778882487705
0.0119693814126711
0.000905425970072871
0.0173074487010681
-0.00163514211289244
-0.0282368593849556
-0.0398787964933442
-0.0646604031003006
0.0131877484198864
-0.0128658166833566
0.0309431898862242
0.00186952679639701
-0.0149717371313438
0.0546652439803113
0.0238893108331677
0.0225067445247137
0.0166644816745054
0.0399867673767365
0.033367483375833
-0.00145624043392564
-0.00701623709706865
0.0449826259286455
-0.0197520315065277
0.0183098307948001
-0.0286616015890371
-0.0138168214491121
-0.0315293150409427
0.0704242744866385
-0.00401648736358001
0.0443292321292477
0.0610046825997152
0.0331117598769263
-0.0203946086384256
0.0646339476842285
0.108896160287529
-0.0295911390781294
0.0280293965347773
-0.0143775519319799
-0.00458377735339388
-0.00366044409861969
0.0018033287746103
0.0732192874666246
-0.0438478814779383
0.0841070342770192
0.0156783237775248
-0.0193366139454279
-0.00997450530558489
-0.0393897280763519
-0.000325845387787113
-0.0299762055632441
0.0189155459870552
0.0204972136190907
0.034588610168291
0.0571059774183919
0.0362376542324842
-0.0426214413300656
0.0563368579464911
0.00756831570008366
-0.0160630934170407
-0.0376082287417944
-0.0081267795510895
-0.00497473684790176
0.0672412260788051
-0.0158297493626907
0.0161025835729813
0.0411390577381527
-0.00718656174435357
-0.0269414406953703
0.0135345866486378
0.0321047505651182
0.0698260580072101
0.0261475406565933
-0.0132430589572808
0.0757641475104802
-0.019581456832633
0.0543783831262842
0.00925423058690377
0.0250740165266511
0.0115091476462973
0.0480725259466957
0.00905903561083492
0.0269487180836731
0.0255970879211611
-0.0792203390633789
-0.0371689069553913
0.0534574552673778
0.0222453988901872
-0.0195783085657755
0.0553857741080278
-0.0770974836431871
0.0187278528957958
0.0416095051614077
-0.0338353120573893
-0.0060479604230618
-0.0127397444383811
-0.0296995083080671
0.021954452613023
-0.0266945897518816
0.0355609284550522
-0.0423272074274694
0.0346773118272025
0.00167564821453614
-0.000890728353630792
0.0253184188735026
0.0835400299229859
-0.0122266464330696
0.00553481987780019
-0.00193465008838379
0.0338165684196209
0.0546517798556039
-0.0264699891161002
-0.0035348956915459
-0.0635805972726977
0.0185669363680202
-0.0998704666908523
0.0764754583733717
0.0265683911442804
0.0129489482869628
0.10543738119527
-0.0139604194958312
0.0579606758728678
0.0524330872017274
-0.00825915470033804
-0.00548318704210693
-0.0180332577621156
0.0459234317628238
-0.0301870061922217
0.00472247868768111
-0.0236360083677599
0.0183378290754138
0.0719874175537471
-0.0483265289744773
0.013561650385437
-0.0064176772383323
-0.0372683161936359
0.0509859506348305
0.0129543347247364
0.0281234787236442
0.0517609851724388
-0.0321275198792128
-0.0256244938369306
-0.020122850904852
-0.0364727157961646
0.0209641369827473
-0.0338035819730292
0.0482502053634066
-0.00148511864156897
-0.0176766582562406
-0.0140791049031991
-0.0185001696853209
-0.025776062944594
-0.0283839856317809
-0.00286810208859964
0.0494174291406104
0.0841157975394255
-0.0390737985307459
-0.00328468721391308
0.0292903965084467
-0.0519273164624951
0.079031600745444
0.023075883922536
0.108783901098165
0.040097549864813
0.01385395357235
-0.022971914661327
0.0292800410114762
-0.0461223197646521
-0.0822697485542486
0.0921677775823193
0.0212253262643369
0.0211250759709997
0.0535846682653991
-0.00800478695896319
0.0443314971191081
0.0119153602219756
-0.0404887283029659
0.0220946513712144
0.00264864325343508
0.0195183455090053
-0.0211491116120478
-0.0169781157808294
0.0521405538334964
