-0.00718455548679359
0.153562368801028
-0.0191562106435622
0.173828078989131
0.0350334171595297
-0.0332041492504055
-0.128404184016787
-0.247328900107315
-0.13223612862444
-0.101500072321797
0.264910100630468
0.155801153380233
0.162802885628526
-0.172012925196716
-0.24748632254005
-0.194313561139743
-0.220519943561648
-0.166487282901887
0.18150768608549
0.0185008851301822
-0.0053871206739477
-0.264828346218525
0.0782250561546693
0.0687294507748155
0.0522848579719787
-0.401543875654049
-0.0579381976975381
-0.128176605768616
-0.123342652700699
0.162334131375548
-0.0933174575948758
0.0838236022433645
-0.108975214859405
0.0353931461404194
0.144799489852919
0.0315633376746613
-0.104362104118943
0.226333723064878
0.114975531741267
0.0481271126453036
-0.101564318079014
-0.0499282342318227
-0.00476560374530655
-0.0142132598733515
-0.266006395968522
0.120365217523112
-0.0231446766333886
0.097051322100118
0.163063951386853
0.0745204896862867
0.0620604049000091
-0.0233984857555681
0.106904023481904
0.00418861281766986
-0.337416500264767
0.0911651590425332
0.00707684258467395
0.00359619271106326
0.0860719055939362
-0.195544549569138
0.195038749010243
-0.00716069666501717
-0.0626039970235895
0.12231043596285
0.195626830065527
-0.105062310160894
0.0543058069708183
-0.248615772830787
0.20157804868496
0.298293276807037
-0.122293537763658
-0.108247261483905
0.149320878635035
-0.165842209524434
-0.046400182244313
-0.0304240354658916
-0.0150431903325675
-0.263785724405998
0.0991261228564195
0.0634902553506819
0.149768039352236
-0.252286582809185
0.196909680408052
0.115889120808358
-0.0398854432349267
-0.12152459643764
0.178837039481386
-0.172678038483915
-0.243535563739919
0.0979479221472689
0.0732298798313601
0.221155193256611
-0.202244351376383
0.116426561003746
-0.293669493563004
-0.0301199922302599
-0.0116518742097502
0.039666643212292
0.121073878278817
0.0117779426614797
-0.109209554797783
-0.0362289655308543
0.155215384786125
-0.000725857946393516
-0.309488513079401
-0.0389530190653664
0.238249436994314
0.120239521881138
0.0648491699738242
-0.0428134493131021
-0.0906408797400052
-0.115776791490901
0.169796893032819
-0.0145129136081735
0.223225746826386
0.0209872991123859
0.19485964683133
-0.0619790649357392
0.0716752672742356
0.103652326242778
0.128313104494421
0.0385286039862333
0.0349416571660332
-0.173601269699912
0.134713289549303
-0.148378030796188
-0.0400311284653723
0.129741621620341
-0.0358590262071707
0.000738219555085906
0.247843513078969
0.0154687570996689
0.0191711760291478
-0.1252116347907
-0.0606240570052336
0.208575791483814
0.288200271379647
0.111419008262267
-0.158040894789284
-0.180053878213396
0.0506391461244911
0.0868663649962637
0.0268804054724732
-0.0885082810897347
0.205436027748798
-0.0880509060595714
-0.165890245589552
0.237455934432027
0.0690047271152364
0.167729609453009
0.137527544808202
-0.0957561209802998
-0.0402884365850828
-0.123819449728461
-0.16236893011826
-0.0487647947161579
-0.0336703150827652
0.114533726151562
-0.162413470469905
0.0565267566245451
-0.0947979840857707
0.0202387533978853
0.0569382822638753
0.0395136171032616
0.0208329359178613
0.0809932730083843
0.0644817394936424
-0.147556536407751
0.0753711728095052
-0.204000014151605
-0.0468085238621143
0.115905916601082
0.130141574728052
-0.152664057352326
-0.0830966144621761
-0.0812210380717795
-0.221559943918684
0.0247536102651486
-0.13764771367629
0.014245115314613
-0.0486953808937672
0.109101862484887
-0.0189434061329816
-0.304756517084832
0.212503882369881
0.132434162396107
-0.1147509062432
0.208387430602828
0.112103141050659
-0.131572026243637
0.241736718545234
0.215870662742541
0.0869787090644639
0.155101611633411
0.00399189381930948
0.0399271201818595
0.111241922056727
-0.244207426891436
-0.05000618399792
-0.209840288572356
0.00629203983063148
-0.113082815557445
0.0220880512496462
0.115586636165842
-0.0874916949483148
0.216402101630473
0.0488110789494547
-0.00340285291530201
0.0428589977887019
0.0769166186308718
0.204453720027782
0.221896881141504
0.194875109833277
-0.367664264139919
0.0456919297406625
0.00154391063121317
-0.228214568318051
0.129609677670742
0.162062420769537
0.113752601134764
0.0773551276219731
0.0945859763175054
-0.0342528375345381
0.0681659764679851
-0.206974855568185
-0.262352062311167
0.00964748919544312
-0.0723308194850825
0.141192483697826
0.0176771444201935
-0.0999976897251909
-0.0213759251464682
0.012875443241089
0.146417695086167
0.113143538736411
-0.0918255751106721
0.171411237182242
0.0858718445090513
0.222470847637052
0.062881335693843
-0.121881488088292
0.00245679892243955
0.092572035693503
-0.187620020942921
0.0400752083471935
0.135587055141825
-0.150124590436727
0.100558150496019
-0.101547882521976
-0.0335513316956024
-0.283907398425031
-0.0896052212103267
-0.219284845465919
0.103006944621531
-0.0186911924495317
0.170875486521058
-0.319309601402089
0.213052360190945
0.092777877508153
0.0321917614498617
0.0910619072521353
-0.149415572989325
-0.0946985321258596
0.06224229117859
0.140628709317597
-0.154493798141492
-0.128546731293953
-0.141675702271268
7.58859873192796e-05
-0.0450651578765199
-0.105834760424969
-0.152386782990288
-0.000223197445631096
-0.000169855596788393
0.0151722819141945
0.15245855642982
-0.195971911705016
-0.235804886249773
0.0840944957888954
0.0553722804486267
-0.182603901127886
0.0284799595299617
0.0991232308392334
0.0267384377912667
0.232416662263653
0.00710829447623534
-0.178876437443218
-0.0518854853955348
-0.0800597201741735
0.202421195984298
0.150633530531266
-0.0114831444719644
-0.0777638296571306
-0.211226336716095
-0.0284365024058551
-0.191160921367771
-0.132279065980888
-0.012673980648531
-0.0731901509594051
0.119324176984199
-0.0298052975266281
-0.271654756396193
0.225774739663194
-0.289066793271195
0.0386065927191067
-0.0391019157427808
-0.0128798658782231
-0.135246810859257
-0.191824932819068
0.157360687541685
0.0471080273561318
0.245743316137366
-0.00535418912966668
-0.0744845128474663
0.043797816341401
0.176144241031959
0.17819022104162
-0.153576695198485
0.0649282996765136
0.12187930398714
-0.0639181375835485
0.193966106480684
-0.079842586021545
-0.208610213429343
-0.196264600325981
-0.0248782933337304
-0.226178198869393
0.228095624134366
-0.0492157159868835
0.155247903007307
0.140988294421276
0.0487523728663757
0.107764227238644
0.108278590029888
0.0170374997669929
0.0364691572361676
0.15297506313631
-0.054904788003363
-0.0258389079996176
0.0871712973134106
0.0764681862311091
-0.190527327298504
-0.0904505376521497
0.0744665969136778
0.124543369724647
0.0346881211032259
0.138172689373003
0.0593282223022988
0.27806157250817
-0.011564455682908
0.133415479859526
0.0217026184180952
0.129970464796376
0.0704394120320059
-0.20068537172508
0.0529328075145145
-0.143227016204575
-0.0868710564797383
0.142057451887881
-0.121670684967864
-0.215716460564879
0.0177930283393692
0.127930825074996
-0.221708891566669
-0.0926484934990623
-0.00466140650636071
0.146698252524407
-0.0695362577561415
0.0661510954684596
0.118041506946843
0.223286668878157
0.161174782931685
0.211443846672531
0.251170865214013
-0.0686751581938301
0.0887673170275955
-0.00332021287568873
0.227568147690314
0.0516704898124001
-0.141967407990838
-0.0253575984490016
-0.00226509215061788
-0.205321443535652
-0.00908993373548217
0.213056122053517
-0.0559616001485349
0.171219917378153
0.0627519650245197
-0.0163236784835141
-0.0596025678339627
0.100278985958568
-0.332785302794645
0.00195818942476705
0.158941214759081
-0.0796510928958049
-0.0559681088345928
0.0314525810431812
-0.0638410880424248
-0.281490615541447
0.0701039300424469
-0.0260596065323161
-0.165388788532134
-0.106469842664533
0.252896895212603
-0.163905596911219
0.104109131560662
0.0410899497923409
0.133223520201156
0.116087239812563
0.0416492163666087
-0.138779388369117
0.0788592780440153
-0.00604659718539963
-0.0334660958511494
-0.104873323039722
-0.123897502487991
-0.0505311039614215
-0.162683834639648
-0.0539798788406874
-0.278403834714325
0.0203852780675824
-0.211887581909942
0.0873997599840317
0.0790354053289764
0.259151605697848
-0.289503094690072
-0.198655386985238
0.198018323251987
-0.221301320431378
0.213335485204155
-0.014340105067065
0.221548454628916
0.106510285523058
0.191971648012333
0.151972992672554
0.115584334377495
0.0590836825854949
0.0212697398637631
0.190338844701121
0.0359688740041656
-0.0890352568245699
-0.0442023136066642
-0.00952085165166011
-0.104897851424925
0.0342137294133834
-0.115324908792488
0.0971817661020468
-0.142371913370729
-0.117465796393103
-0.0996278988365182
0.130714998158508
0.0461149655896648
0.214156239923926
0.253552412115366
-0.251002434801678
-0.264931322013306
0.148909314433288
-0.034412283113906
0.314068877071451
-0.224485526584441
0.0574909306813922
-0.136357106146887
-0.101826017173532
0.0673381435187156
-0.174072345390937
0.107497934014161
-0.0628394263626719
-0.192225743190842
-0.066807539385283
-0.269936393010532
0.213743031708102
-0.0873344967862948
0.261273108787753
-0.298073690753006
-0.281921965008116
0.116705335269999
-0.160945593302738
0.000813160169860994
0.0974123250049135
-0.0130718540939703
-0.200979152464225
0.232528455430095
-0.276943203262233
0.0812056429070617
-0.0427865234737854
-0.305706683515099
0.0898242093518831
0.266320679255434
0.219526596252873
-0.185555369294604
0.13933792601922
0.15919245476556
0.217664087166604
0.0158312253522483
-0.165511778029168
0.0827551154873931
0.0676557668460357
0.083684338748573
0.0974091231019222
0.0471996725603435
0.101208599035963
-0.120813897567439
-0.0248395273611144
-0.105233459957154
-0.0384181725122975
-0.132258379855232
0.0980038771785667
-0.125039567215916
0.0930641166062486
0.148194765676194
0.151962235169305
-0.273645590175335
0.0187732526658108
-0.0500178640662166
-0.00632739435430113
-0.149693059216456
0.162482415339689
0.0276234349777729
0.104815864464643
0.100274342769247
-0.00293914012344459
0.159629010191465
0.0468163195740633
-0.00473095116542482
-0.0639439140835862
-0.0577510704281707
0.19416367641008
-0.145284189786767
-0.2572089275553
-0.0329088598093443
-0.132176420265742
0.148112353759631
0.0339150087175073
-0.106604036922829
-0.0319256989181947
0.0603413800552454
0.164263732227155
-0.130547334572753
0.0054131188090708
-0.172414272476735
-0.18479732307742
0.243750787831923
0.102747692520649
0.148551783662637
0.0694294014386488
0.16805601410736
-0.0132664579131787
0.00464937775356411
0.106973797712941
-0.152563109141002
-0.154194745203202
0.125638133875177
0.111667138685112
-0.209157468700704
0.0879470565653104
-0.125940000021055
-0.0945491293605379
0.40212436960262
0.191948027564372
-0.0603805246204344
-0.0928321879920636
0.179062975867544
-0.174949609847893
-0.178028018078899
0.25227177741529
0.204662949903302
0.134523405110234
0.137914754844974
-0.00473081300198502
-0.0996418109224014
0.299030334778875
0.0841454447278666
-0.0902085779671733
0.100540609386009
0.212480535797439
0.202609815932507
0.179458980187854
0.0150134341925276
0.114738958736978
-0.0435486797560516
0.20074299516467
-0.010066520457018
0.159948557915595
0.15578923132522
0.108807706723642
0.00741945923011461
-0.0949278293428236
-0.110361399241086
-0.0410547139569926
0.141492617229139
0.225383673061636
0.0168675594305082
0.228883313553809
-0.0622070923725617
0.120308768889778
0.181146525654093
-0.0816378406492498
-0.185582948428651
0.172446649575574
-0.0463165964234631
-0.195847205152876
-0.20143845222996
0.120189193147505
0.131718180820574
-0.0566626364312777
0.132887990480522
-0.127879062002398
0.0525157159851785
0.120051683395607
0.204569404949667
-0.0427458216766851
0.00291001393218765
0.146811808071581
-0.130527523661005
-0.0327136417080347
-0.0485814262490564
-0.0499178384014581
-0.181513132207967
0.0455667665915862
0.011999133085761
-0.15621741866306
-0.0622378421480428
0.00851781443617572
0.0959839374752008
0.0205614588876316
-0.00206174295671185
0.249910364694657
0.0784269453032229
0.160060871819304
0.186737848515635
-0.0489559696405314
0.0228440756989598
-0.0921912746465936
-0.192639942961788
0.105635822565493
-0.133588443478088
-0.0738533770006521
-0.0545445902856395
0.152846425915396
0.189699131364914
0.211907031758559
0.214198834444859
-0.0215328662384028
-0.0459901903837901
0.157086961115502
0.110765916801087
-0.0902653761336929
-0.23928951849918
0.00124257890780277
0.161544517095115
-0.101047419922328
0.163056744428595
0.00686750315549195
-0.106680768252741
0.171260253598275
-0.290444049775291
-0.183678757748432
0.0589431413712102
0.0378045221850297
0.000391354039561087
0.141378292026266
0.100937333166418
0.215307602322043
-0.0937043342675932
-0.0604682443576362
-0.241649334578434
-0.0352213914074635
-0.320295404300627
0.0816252016793726
0.228438889361479
-0.194625458270773
0.0770379643440314
0.145984599422146
-0.15622207713719
-0.0704940750285288
-0.0444524141697796
0.157033262821839
0.0468790431459536
0.0519115746096934
0.0879984102848553
0.0535343437062359
-0.0164458878148439
-0.203741657116469
-0.0787894596295977
0.0541230233479121
0.0536661597000083
-0.0149827044636218
0.131243299434799
-0.0516624036841499
-0.0970986584584007
-0.184684738627028
0.0954602042408111
-0.187458556903327
-0.0676523166005283
0.0614063457240986
0.0134113947792551
-0.106839661773616
0.0915772438067448
0.239096158769761
-0.0558431605252373
-0.0562486751356064
0.125212033535002
0.176106397548875
-0.0857213727943082
0.0604663750712537
0.115647545812951
-0.0489329410512868
-0.0160719055560772
0.0301976610779628
0.24785672178354
-0.0837544835238173
0.203581686153507
0.0943560021322751
0.137557019180413
0.109024195869139
0.0565435002577768
0.154166721207307
0.141064320980698
0.0583899970960343
0.0313504229009579
0.207885489012527
-0.0461883138512416
0.222850520917082
0.0261534864266338
0.142962029795371
-0.0447592874124553
-0.0639864510407925
0.215557878827137
-0.0179000653684825
0.194751694411469
-0.0714196301042549
-0.0493954300617253
0.219759583074365
0.04726579435345
-0.050240219011563
0.0206743737554342
-0.148254066500844
0.205792010886759
-0.0160236839157468
0.0371731816385496
-0.279071862420231
-0.130607668238943
0.126903998288864
-0.0229116967994959
-0.0543312595275491
-0.00632798812938046
-0.128216981134615
-0.273566781842748
0.09784579821127
-0.157846384984783
0.0930266709443467
0.165060410342982
0.0830543757076005
0.199552837734685
0.182329939268972
-0.044555307176193
0.0729399240254455
0.1542756434861
-0.0926859859670748
0.0113258561151521
-0.177608692254546
0.054312345313253
0.142673403911877
0.105762134896014
0.0512987420527947
-0.102725615230524
0.0561278804467279
0.0809296766168069
0.0395032940367543
-0.104428714336087
-0.050887431505328
0.0397205452886988
-0.0525249945621754
-0.176534356772505
0.0410546028411178
-0.0656490324993805
0.045556473773241
0.222878789904256
-0.07244201534746
-0.147327572159654
0.0118084621375039
-0.0145563318354375
0.0920189907807241
0.109911655519145
0.101735756111793
-0.116068021127737
0.154538834814551
0.110959270541291
0.0768721967870206
0.133032367011624
0.00173228236466033
0.103581888458435
-0.10096090629991
-0.178022131546982
0.150576847519618
0.0870688417483602
0.373731591815391
0.209574398713683
0.148784768362967
0.0495585044321883
0.257307091878943
-0.163602988487087
0.171119386886689
-0.0488242753243762
-0.0269150826324615
-0.0554630582652451
0.0826060212771503
-0.113860345279081
0.155542718293998
0.0348694085610097
0.234071769248592
0.00364032406112402
0.02428106782788
-0.0485143365728
0.247760299619312
0.0243382479751099
0.164561261131516
0.12329641339021
0.0914699777518878
-0.105652104023685
-0.0896599588346094
-0.0033313919061822
-0.108937068814685
-0.0235490279829631
-0.0113228614818475
0.0753472806220695
0.11805385595029
-0.0247670650950982
0.0997289550025871
0.162460895874794
0.108412445126524
-0.114739815357476
0.345325200365347
0.198882816756689
0.177772627098418
0.115486261993472
0.136957767554644
-0.037673812477872
0.177504579631959
-0.03687104548404
0.0643492669008144
-0.190868112950875
0.0407965371901727
0.119251196161085
0.069253252576976
-0.0200918967179187
0.0156486626600304
0.0139825964960459
0.112356662385538
0.0244348893945009
0.066449862927691
0.108520275324511
-0.262084684537278
0.00542491663781453
0.0582072424667966
0.0669144940444941
0.0579827227955713
0.0588039665038728
0.056009368060123
0.190865384829072
0.1717027020506
0.0766186826366423
-0.15948558764404
-0.0747100872362381
-0.224164985268786
-0.0374246560084854
0.0465460646748123
-0.239442833573596
0.107443520704196
0.0453651812238141
-0.134222288703601
0.0729267556897339
0.0556487612041727
-0.0163915638161309
0.2346758958993
-0.0637786384246617
0.0778419623983719
0.081261421662151
0.0291135210758684
-0.144044384028133
0.0031785433549954
0.00640733661024373
-0.0575847659723835
-0.287484276706429
-0.0772973737532507
-0.229907601303537
-0.163591847233383
-0.122806372467886
0.0976258283760459
-0.107586950928275
0.00552397159061346
-0.179143896043646
0.28831624077985
0.0794928245588716
0.128765555380786
0.0440436671193359
0.115022913666724
-0.072971527706119
0.0283604877032567
0.241798948733693
-0.0834179947177495
0.114904132412225
0.0523325638724906
0.0231763191098249
0.0667792391014212
0.00386470257347404
-0.0586045692594707
0.086762194831254
-0.0814067230097861
-0.117045078446039
-0.0132420143595915
-0.112951609724793
0.17173078640217
0.0706160800763918
0.138967115524533
-0.0930620881587922
0.124706825678197
-0.125296829606974
-0.237921640562343
-0.0410519180106294
-0.109316559974599
0.0757570587906991
-0.0815209366976982
-0.0277068838331129
0.0413265480221588
-0.0321803433847462
0.102714766719163
-0.118777450977874
0.0712784816204006
-0.0260516845998496
0.0942631317652539
0.0172692463495434
0.277893078156282
-0.0986508403221007
-0.0276273056502627
-0.299882859833072
0.0845033103761665
-0.141766513548876
0.174457900015374
-0.0672634434550123
-0.229811304916017
0.0189399468293192
0.0260619823691149
0.111528749591327
-0.102928160363309
0.193236999869236
-0.0340289503574896
0.0185710315099373
0.127948196680275
0.171841087277354
0.205728467043824
-0.0362210476223373
0.248122797244065
0.173539671350544
0.0345950476591044
0.128968694413451
0.0797762211385257
0.0682505166981455
-0.00953275729213188
0.0842884253918874
-0.12091116225105
-0.0108866776735035
0.00801878415889762
-0.0105070994422252
0.131594552655159
-0.0970619094097546
-0.281267293188863
-0.0873509491632232
-0.018479811903765
-0.0097298682771505
0.17560754837678
-0.2006597185137
0.269293032414991
-0.0197914673487454
0.0141851653863677
-0.148938373108455
-0.0929407935822693
-0.14509101682306
0.0438932308733553
-0.0662931739022721
0.205016305758294
0.174306059867218
0.0971183754038213
-0.0941128767491152
0.087141122076243
0.140688971292606
0.010822109035961
-0.0927861067482651
0.0166399254035283
-0.148455087596256
0.146872550170655
-0.0726161340166621
0.18825575012875
-0.128164262728358
0.0568961529066142
0.0149024108716355
0.130653983765715
-0.186413206063702
-0.367713619880974
0.19833703469413
