-0.0417753202308083
0.0037447098259247
-0.242657604820168
-0.0249116410250181
-0.0427567548788903
-0.0663629507013713
-0.132648133198113
-0.0180633905120994
-0.0401127778503304
-0.024367060429735
-0.0643918688394139
0.00890758710250814
-0.0967333361308056
-0.00466080881234908
-0.0828844661609065
-0.102202073790566
-0.0227848102311959
-0.0290624461780555
-0.204856396699046
-0.108770677640187
-0.440786129198863
-0.0487598049139933
-0.269711509413839
-0.125804725642864
-0.0493060536877271
0.3748794332842
-0.049778503240667
-0.0402174210840855
-0.0449472339970641
-0.0261293520222594
-0.0380526769578481
-0.0636467807382856
-0.10620736645373
-0.0713261404141082
-0.0563986374428713
0.0208892321282484
-0.105669891515338
-0.0924579785612371
-0.0827607511588927
-0.0619174267461387
-0.000118760837656322
-0.0888209176940261
-0.019067810432602
-0.0358407963246587
-0.0692310920764768
-0.0626485211079958
-0.0168193636206434
-0.194495757566315
-0.0617351728200548
-0.0671079373670258
-0.0835487544164621
-0.0152772183963282
2.81176180872677
-0.0111487217363141
-0.0252231189188242
-0.0140376684679525
0.0838494649159177
-0.0966014202751332
0.0310642753642288
-0.0054296654768231
-0.0652427568047518
-0.0250082281913341
-0.139249044455259
-0.0883179813111703
0.276059466457204
-0.0468446824370193
-0.100265821011635
-0.0535022805487195
-0.0170215867202726
-0.0338851141422584
9.32656259950099
-0.0829845643068081
-0.05923360400124
-0.185010622480889
0.427080631707155
-0.0203415071836968
-0.0453406106030372
-0.474138667086786
-0.0192173112724819
-0.0588440252326213
-0.0588007427969037
-0.0172634415128419
0.0208549610313281
-0.128853789924972
-0.0177707474475617
-0.107683322188065
-0.0630509644075727
-0.0725905623878234
-0.130915301303476
-0.0677469070004762
0.0299329660884536
-0.00966348481077561
0.00564373643341427
-0.0709596361247595
-0.0572893627220666
-0.0684792803801085
-0.0443767896707816
0.130389586487765
-0.0453408338690094
-0.100344957648129
