-0.0768156064144175
-0.0291611369734453
-0.0656548849158874
0.227409911688976
-0.0447151024489918
-0.0245123023188166
-0.0325812779100372
-0.0540454696678668
-0.0759333261343672
-0.0493076687600197
-0.0334155805136863
-0.0685123543455479
-0.0633189094135713
-0.0158157051651656
-0.01294623411022
-0.0347936365164586
-0.0295917797597303
-0.0149921116072881
-0.0854295344017562
-0.0608226847210322
-0.0227970612720311
-0.0348748216424313
-0.0460491755231247
-0.0359225248278022
-0.0110561337236542
-0.27987499272867
-0.068544238044736
0.0399626271408728
-0.00752995018809216
0.0346231832890095
-0.0560343492326628
-0.0525956494825719
-0.0639532271890808
4.02513821472417
-0.0474459029182292
-0.0524646029524612
-0.0354100956578282
0.0263897861780872
-0.0663032005413918
-0.165851028547111
-0.00947995628401666
-0.0563415393295578
0.228575957068935
-0.0716201530719082
-0.483781221308176
-0.0181559325255175
-0.615449225998528
-0.0601553909495312
0.0156779281197674
-0.0791738065588798
-0.0082086488452393
-0.0597550866916631
-0.132117653494171
-0.0306954886663064
-0.0240749931862469
-0.0584860017427031
-0.0930975615846031
-0.147122461091601
0.0745177355276034
-0.0512664524859192
-0.0156525885164876
-0.026243367373196
0.0235162263246706
0.169389921716279
-0.028837118687561
-0.0255284842527582
-0.114101807014466
0.254276640592774
-0.0618022160926472
-0.0164849947658157
-0.132360175940117
0.477253084190341
-0.031807033972164
0.00966951717993522
-0.0658453424994283
0.723315582557505
-0.400683208597952
0.0337976807373256
-0.0714236204752295
-0.173196859436884
0.0424338610949773
0.423070363011184
-0.00506060845479139
-0.276631560175501
-0.0291872709014338
-0.044154374124962
-0.00383119495418671
-0.065391360655372
-0.0980157222422085
-0.182479331827162
-0.0770814864936027
-0.0135781391160395
-0.064070953875579
-0.0597692991548156
-0.0139268336402421
-0.0955889559563945
-0.102881791966516
-0.0212076974856205
0.2510318221947
-0.0419676939435131
-0.0172449576204183
-0.0642691302209687
-0.172951469314461
-0.0555651400762324
-0.0516295733282964
-0.0328922436653632
-0.0526512825415468
0.720856385939748
0.0246997734705456
-0.0318047929683447
-0.0119688725717644
0.484534029754179
-0.00201230908312397
-0.0196549413783327
-0.120003903682347
-0.0231575309892932
-0.026166931511134
-0.0281416256322224
-0.0472248742044788
-0.149010827962677
-0.0678556536474642
-0.0163335321155265
-0.00733738286315179
-0.0673534602269064
-0.0272869920211042
-0.0896970838718158
-0.238360832248839
0.0351882153309676
0.0082849508820416
-0.113650570684995
-0.0448775920351936
-0.0169271046927582
-0.0501265973836689
0.125748759489308
-0.056989896301859
-0.0785854045764212
-0.089907419305747
-0.0227987143529222
-0.0263674981743114
-0.0441662138507913
-0.0712451900745096
-0.0481235477268003
-0.058772452697398
-0.0589212340599044
-0.0747885065273897
-0.0949117448094551
0.0501889962804871
-0.0350216121590496
-0.0025454412728079
-0.0965510343895301
-0.173820692766836
0.0476612556856099
0.0203880963867266
-0.140228718407801
-0.0305392376327597
-0.00987324281249803
-0.0552720634764259
-0.0727989022968941
-0.113894855539526
-0.0681880076475888
-0.065577820836025
-0.00543570554714876
-0.0711265097964692
-0.0790843042372494
-0.0511591953584855
-0.0456949899511866
-0.0575407909082586
-0.0718764049221846
0.039896988110271
0.051928962397011
0.0554651667960687
0.0797591191838479
-0.321574847895369
-0.0479909920144677
-0.0901149652866141
0.024923146251038
0.0360069760067887
-0.047194158865548
-0.0383257293494698
-0.0226757820348535
0.159888197157937
-0.0585145391004611
-0.065274293050544
-0.0509720164822424
-0.0412312489028172
-0.0807882258787579
-0.0573722915070467
0.101192811156049
0.0978006986694092
-0.158620127308738
0.0535077627034945
-0.0358951015926628
-0.0220851597015294
-0.0416938368088144
0.0236925678716378
0.0205074527938763
-0.0551620122878534
0.0246830442522182
-0.0366077042229003
-0.00511735563934611
-0.0729185735175229
-0.0557444285041894
-0.0575967049483388
0.0939475058885089
-0.066063215166258
-0.0233580051238251
-0.0328456587760882
-0.00440624541410361
-0.0156635112644086
-0.00709725582923181
-0.0268308106961149
2.83049365566296
-0.0415121240231642
-0.0729491285106936
-0.229277081259825
0.039594272690071
-0.0276134532329563
-0.0287078281437403
-0.014022500396219
-0.0408513895906802
-0.15011416424731
-0.0864925280526568
-0.0618113518080122
-0.0330011646149632
-0.230922406294437
-0.00510555626348356
-0.0424233317058052
-0.127873466981296
-0.0355010390634266
-0.0466418518183082
0.0621026589005409
0.232605015239892
-0.0261875480571478
-0.0198031643729979
-0.0887201390078572
-0.0487220417657328
-0.0328896595927909
-0.013733932814309
-0.0675248031856136
0.0978999958170071
-0.0781719455592816
-0.0486335015655076
-0.0300766074928191
-0.0333047701072421
-0.111024586823611
0.0488015032795445
-0.199107483059515
-0.0469600928313442
-0.428505769876328
-0.0249909218285482
-0.0266799078379337
-0.102931786678781
-0.0212977404569274
-0.0529498903656279
-0.208205407760715
-0.0432626642616764
-0.0216179023945668
-0.0622043194984955
-0.0507979106146648
0.0653299936080937
-0.0427996348595326
-0.048851276912695
-0.0769308534343828
-0.203225597664895
-0.032656780000407
-0.0446713575507623
-0.0800910486465899
0.083670049861523
-0.0249364426269226
-0.0976720451309326
-0.0541555301236
-0.0653720406623846
-0.0666946134231386
-0.0840862016021827
-0.0372955001059325
-0.0719034159975517
-0.22949198142456
-0.0122035007127994
-0.152082800296397
-0.0226988563419772
-0.234535070041206
-0.063468115135162
-0.0531332197506507
-0.0605960703586847
-0.00288498626698015
-0.0319307188975389
0.025464321438866
0.0898534217814042
-0.0542117184349002
-0.0627725812208026
-0.0320491929494516
-0.0071964818350849
-0.034305968414495
-0.0353597399486817
0.3361412439578
-0.0130848221300133
-0.0247201605926641
-0.128550959894598
0.00566234258474917
-0.135774448650852
-0.124929644670269
-0.113456965030159
-0.00205082423554853
-0.0568774432548546
-0.0573177223994948
-0.0934707557261673
-0.0530983360425612
0.324275356717266
-0.0591502497845403
-0.0145159264270756
-0.104185834200449
-0.00904660846963947
0.072183968783618
0.00940601710671709
-0.0573235071540494
-0.0563026643961817
-0.0117054876773924
-0.0366240965571381
-0.0515789840108911
-0.0590323038475653
-0.00235086881108162
-0.221430716475267
-0.009341195005439
-0.0275493319523365
-0.0425408015166509
0.0478676847390847
-0.0451726973654952
-0.0621440185807221
0.0677426971500513
0.102215528561709
0.000937963195910364
-0.062280436661573
-0.0336562804745388
0.0152025068981916
-0.0302834642968357
-0.0403561188153977
-0.131160197705875
-0.087809275316247
-0.0394259314342261
-0.0369995016327171
-0.0275758294429227
-0.00923222110782524
-0.0686551460362479
-0.0412986984411747
-0.157511283386651
-0.0339419451624773
-0.0639210190026815
0.00382177779809569
0.00934607255839737
0.160680882464225
-0.364461790643503
-0.0174299844673963
0.0778820044059505
-1.30588346047476
-0.035716648344645
-0.0653853296860044
-0.0583387403350848
-0.0113565159915272
-0.223458016159972
-0.0310241969304919
-0.0307080629435066
-0.021752737794789
0.00580807533865456
-0.118518286366344
-0.0230879897925573
-0.201593342718977
-0.0623881072147835
-0.130228821981264
-0.027969562816891
-0.023397468723682
-0.116697088964403
-0.0239571199812021
-0.000603314748480126
-0.0597736024731592
0.166833817328824
0.112357070210075
-0.0322895744091564
-0.0346658565756279
-0.0331951793068534
-0.121708534915402
-0.0593707583324523
-0.0629708852147162
-0.0498955671397492
-0.0918986034042372
-0.0309094409498806
-0.0693475429707375
0.0453506664005297
-0.00518578066540437
-0.0696368354984366
-0.00278462585820751
0.00230577288913824
0.310110632249545
-0.073516171391009
-0.0870757329366404
-0.0668405665525179
-0.0110809201855803
-0.0629405408437067
-0.0285233165908583
-0.0454951001357892
-0.0438765962903727
-0.0492911933111042
-0.0709899644598586
0.016749496360979
0.11262453484224
-0.0287952914885754
-0.0376615665886642
0.0785699940819479
-0.0475432999419405
-0.0436009531903677
-0.0760064638744107
-0.0159098644388658
-0.0477786644874576
-0.221364351899129
-0.180037676442112
-0.0173410895996298
-0.0571400329384042
-0.0713934825730203
-0.149425641148341
-0.142694957730112
-0.105709609053937
0.078373941355194
-0.0620349117278445
0.00114352963374493
-0.0529880561620175
-0.0358803564194783
-0.0413036196499868
-0.0922680705805572
-0.195586451050464
-0.0655340308899169
-0.0326442661215201
-0.00358551190017809
-0.0534000205553841
-0.0605413659026663
0.130210694892984
0.00883087750782904
-0.14480871163741
-0.137979127114484
0.0451521762473944
-0.0137999371915535
0.0971968575627708
-0.00350346157652508
-0.0429527469346575
0.416508148601445
-0.0300796430288303
-0.0572494978891065
-0.229572861863528
-0.0820230918579138
-0.105227950316056
-0.0905432357590482
-0.0171764219081125
-0.0214195056964175
-0.0182680875088854
-0.0264318017179394
-0.0810237704761432
-0.0284287345482089
-0.0420614130330666
-0.28136689132554
-0.0184149695336763
-0.0424377975805898
-0.035577382481755
0.00624665993888928
-0.0838094977806506
-0.0289346124150038
-0.0486167657626948
-0.0339446235970146
0.911864958440618
-0.0286819454070706
-1.01602038982728
0.0264397758589471
-0.228958812671199
-0.0469930602440152
-0.0112118563230752
-0.356174831423851
0.0195379213438382
-0.0624658425507614
-0.0021903721730759
-1.97738793618979
-0.0268991322588219
0.586299074287663
-0.0690497315240356
-0.0635022361316588
-0.0384310992661167
0.251593650129719
-0.0162646938056987
0.0264755087287253
-0.0829926563936771
-0.0244181324254999
-0.0518113578473074
-0.0754833089097527
-0.0524985924553014
-0.0296849295215344
-0.584964292556562
-0.147733150453631
-0.0843086475412001
0.046395106946485
0.324427006416995
-0.00461497262861343
0.029839836630033
-0.0350724363597583
0.0817205471349268
-0.0547497645832147
-0.0153474478410697
-0.0668597844856789
-0.0665631070252676
-0.0392308074791143
-0.026004587517696
-0.087679976475133
-0.0512539809473329
-0.0590371663549006
-0.0833854864576795
0.0191845401810204
-0.0268217578993976
0.819587290857166
0.0170602879230954
-0.0869360098190755
0.46692455009248
0.153162637931082
-0.00236344559709643
-0.227015509667238
-0.0485251621811474
-0.00658782904142456
-0.0653594156502146
-0.054537454111649
-0.0850458135788166
-0.0410143531075975
-0.130762818283931
-0.068054967015977
0.0985577807852987
-0.0164631241777309
-0.0251599523866779
0.0946453516104534
-0.0350254352696611
0.0181742943528968
-0.0522834008946498
0.00223659687293307
-0.0503129107871373
-0.142735851204907
-0.000796732870954595
-0.119859344747583
4.65400236589366
0.0452586405372163
-0.0143992060873745
0.664705046946025
-0.0406552478846219
-0.215631340444613
-0.00428906182046798
-0.0312651167850557
-0.0298939625424137
-0.0461054944120175
-0.0285656087015682
-0.0729472967415528
-0.0463957742751287
0.09011701131654
-0.0550714544030649
-0.0620080949026719
-0.140095896152717
-0.0305957696750954
-0.00176692221881605
-0.000421714959443653
-0.539290353924743
0.239178224999255
-0.00189401608779376
-0.211024334433168
-0.0113502033196034
-0.267537548771741
-0.0919126188826834
-0.0503911413108226
0.0436054127577775
-0.0551857832540562
-0.0596879893385626
-0.0852095180888834
0.00466122276318753
-0.0396907091942244
-0.0903361820440938
-0.160897021943527
-0.0174646077797406
-0.0809655862407921
-0.0382614042897157
1.75596348246742
-0.00157926013341982
0.0500071007680969
0.0508251200747761
-0.131142832362206
-0.109240025401723
-0.0701673099234094
-0.0552417509054792
0.0531712557944583
-0.0119837578717794
-0.0442583612094801
-0.0482488320206448
-0.02067011568414
-0.0432310854911661
0.0957401646641339
-0.0849390927462081
-0.0463863022462363
0.00199787267714227
-0.0121881709058776
-0.0491030873602883
-0.00425203755692909
-0.0497140647042439
-0.301843695515
-0.00979433413724921
-0.068656980732337
-0.0741508002766913
-0.0361869561090887
-0.00678047484506735
-0.231667756793987
-0.0653410297476134
0.113313068326876
0.0597436206248489
-0.0430863296133992
0.0125963421114924
-0.0463898385643344
-0.035397328878146
-0.107140155541505
-0.0396960811576051
-16.054363048133
-0.0395723045005967
0.797183959364717
-0.0291237754253541
-0.0577827576731103
-0.133662059567083
-0.0194027036039062
-0.0653683276575835
-0.0462831143173329
-0.0527264328741341
-0.0741381065326744
0.0178295741920925
-0.0489824434346423
-0.00146220835436103
1.63811664539864
-0.0797775708915271
-0.0420136825421024
-0.0203574236016922
-0.030223375068974
-0.0764509950422849
-0.0397637696085568
-0.00992832336598596
-0.00901672807790418
-0.055763547200826
-0.0101698729849123
-0.0377162396246739
-0.110408958077694
-0.0167667712188631
-0.00552963219880778
-0.0535514473537071
-0.0171606849124811
-0.0429068008032846
-0.0964687592484288
-0.0692212328298029
-0.0336365969896981
-0.192019386245425
0.0499338298212799
0.0169279015054535
-0.119341641110453
0.150934408169576
-0.0409338140077608
-0.0990753019161584
-0.0587489189191612
-0.274211837850026
0.0172505037888255
0.0104488943896966
-0.0282406358954962
-0.00787648869315213
-0.121870498705962
-0.124235693496479
-0.0881952135608234
-0.0625353660637635
-0.0224403892637423
0.00578002664022059
0.0230750328871215
-0.0218696268083633
-0.0179415636016226
-0.0273784067843901
0.206179889958544
-0.15534982276848
-0.050015971325695
-0.0279619664928989
-0.161321672720363
-0.0961299119924349
0.00587755006972101
-0.0738307562062921
-9.59472728501304e-05
-0.0449736737045316
-0.916595887848797
-0.150465779704451
-0.100804490067505
-0.0147815565604445
-0.198298022686886
-0.0396815428641907
-0.0369777131669188
-0.0394171961072989
-0.0825769543370866
-0.257443925891078
-0.121558936736391
-0.0504164652561899
-0.094251059827653
-0.0389204312491983
-0.0885536795384484
-0.0864509460367755
-0.0746657942630228
-0.0610553297093826
-0.0240766561067503
-0.0227397305721981
-0.0373826669189226
-0.00867039690137151
-0.0896442184120591
-0.0916064021556441
-0.0592778174592669
-0.0297495162411622
-0.0179438252748112
0.0303287895333249
-0.633660857947738
-0.0835070748549741
-0.105403280128083
-0.0365301911756839
-0.0111498586110262
0.43535560743933
-0.0332857587138931
-0.0570317860195032
-0.115866495588913
-0.0707477457026632
0.166529898598008
-0.0844828963904789
-0.0111022104574127
-0.0241427144637308
-0.126102450619182
-0.0217394120685219
-0.00495719603052946
-0.0285927292215312
-0.0435544106521089
-0.89981900782028
-0.622131392266636
-0.0194356399556471
0.00905002826742253
0.0308216905548861
-0.171789620761915
-0.0106271022325659
0.0257005423653836
-0.0992891658105967
-0.0401222191819005
-0.0730692788395639
-0.0242403536105684
-0.027434088848625
-0.0894758458082966
-0.00175508308081974
-0.134594352311432
0.0616776439066576
-0.0377341325246029
-0.085016068652384
-0.042934821033922
-0.0524730780179647
0.28150195264411
-0.0568712329514058
-0.0791511163027115
0.0348438014531756
0.0609925269525963
-0.0641624456984662
0.125539836730757
-0.0870851263079203
-0.0158964278779634
-0.0668262281443169
-0.0624721038593092
-0.044341525339114
-0.0564966868729977
-0.0116024938807617
-0.0813256967486143
0.0991701958666739
-0.0503655805323356
-0.0630563205651295
-0.0447813799880716
0.00692195908309175
0.00702325598122357
-0.134582032817647
-0.0650509349821956
-0.105373975663819
-0.037933242042181
-0.0488601691830403
-0.0680195741279323
-0.0384572419005266
0.145882499876348
-0.062814672595165
-0.0792296107979756
-0.0692437742869758
0.226960089024052
-0.0811017001088196
0.0373018778493902
-0.100419269318208
-0.0512527038328278
-0.0683560108179801
-0.0829705092413986
-0.0720921501623585
0.113506833300374
-0.049461701819229
-0.0450099055711692
-0.100746304793742
-0.0881899370254035
-0.0597669130143766
-0.045531094248858
0.00676073454521714
0.113812545520531
-0.128196835968169
-0.0997178970478293
-0.0154393769375139
-0.088945966105276
-0.0117358221574554
-0.0699525650446626
-0.0356386860896273
-0.0299335278208
0.00504604625578622
-0.00524511661697582
0.0159600809517789
0.0151339542689605
-0.0391324765408076
-0.00499214146259226
-0.258991724563945
-0.036279948197249
-0.0646257535174979
-0.0605980060213832
-0.0735492852385018
-0.0273051199933495
-0.0627113024774789
-0.104981068564069
-0.715515936568268
-0.14164383470867
-3.94570704525954
-0.0479397887982251
-0.0769129998643601
-0.0257172626852919
-0.102703570332161
-0.108178670393105
-0.0456936482004482
-0.0610273773409196
-0.0663762346325005
-0.570344503590901
-0.0363006157005191
-0.0538767978995577
-0.190003781415322
-0.056941232212987
0.177883797361845
-0.0279604081388561
-0.0697921449318675
-0.0190218140509773
-0.133753845767502
-0.274557317813346
-0.0463546538606902
-0.0508708035415113
-0.0118495692650925
-0.0823167745528485
-0.0684701293420046
2.78118857197085e-06
-0.067983497418827
-0.0250418071643469
-0.033977519858923
-0.0505602232169083
0.0366291934059052
0.0816275610186089
-0.0532758466258034
-0.0773075946754531
0.0911677656440195
-0.0745546031080826
-0.011727508191342
-0.0282725415576448
-0.042884078093453
-0.0970036213825037
-0.0598380177646193
-0.0871363271012131
-0.0761927625880887
-0.0848501935192639
-0.0532383142178888
-0.0458752019486902
-0.0637394017508549
-0.0460969006656111
-0.0232806705005587
-0.0350814473642365
-0.0262895861909019
-0.0129498105465958
-0.0190696272714959
-0.0599100866349505
-0.000887790920970563
-0.0618857716188656
1.01550521300639
-0.181300492680646
-0.000929700545027785
-0.088827097499233
-0.055756492943301
-0.00701567174046491
-0.0338391904476551
-0.050561477303401
-0.0697190404026785
-0.0252478358000316
-0.0702979262449357
-0.0373605540084608
-0.186790428597682
-0.0139349973707745
-0.034955498533336
0.0551246935687011
-0.142971537876739
2.46431940311159
0.0145984256624043
0.0989582627188029
-0.0791525612282296
-0.0340252715343884
-0.102598010323237
-0.0287370603557202
-0.0674377173439916
-0.0515016326132587
-0.0661308655217746
-0.0184968303874973
-0.62630793818603
-0.0205254318510309
0.0165823181096308
-0.0608978316482505
-0.0350818370820471
-0.0883146476579204
-0.0493183064327725
0.0416036705498754
-0.0277522075038263
-0.136004073544363
-0.0950377523575216
-0.0808029163904611
-0.0881841656482741
0.025920169109877
-0.0320727274682016
-0.0420890701210858
-2.16531042270957e-05
-0.0418852790989377
-0.0234439032907529
0.662768656772072
0.122138004631805
0.369192340271367
-0.0413810002583671
-0.0186731280117999
-0.0235698900896223
-0.018882358182782
-0.0611610959508792
-0.041094513922668
-0.0710818221334283
-0.0796590784249084
-0.0343336766708052
-0.0205172130888478
0.0335099149143527
-0.0295269215379327
0.0200493307694157
0.00405849078079232
-0.0230581940274333
0.0212836713312675
-0.0334016405372002
-0.0514777611999586
-0.0331593827153808
-0.219673054804938
0.12189732210078
0.00836760756851497
-0.0553450878010898
-0.116647481568729
-0.0124949123837582
-0.0284497156965784
-0.0306031112525897
-0.0366089158104364
-0.120805004010862
-0.156997221540784
-0.0532216427603573
-2.1730061888829
-0.0815165830022137
0.448581291957352
-0.0846894116689355
-0.0367391797454588
-0.056381190739943
0.0933391402227497
-0.0142864741410168
0.201251543912004
0.0891980160601826
0.255108750979459
-0.0709435106518959
-0.173326284865917
-0.0410618210731353
-0.0590544491926339
-0.0397216622323548
0.0041055288108403
0.0488390206489488
-0.0361727049502438
-0.0722707217851533
-0.0591313216997768
-0.070696292358161
-0.0928364824554605
-0.213599692796641
-0.0329306546851565
-0.0588464527484525
-0.0253606055683304
-0.0582537346785433
-0.0980559487286577
-0.0679695368410414
0.163822560838331
-0.0489251487765222
-0.0572551117615904
-0.0372819081424514
0.0426317190152458
-0.0063816004486166
-0.0298197051685449
-0.0778341622559542
