0.0155173397806014
-0.0295770684366915
-0.253695604094542
0.177012823252136
-0.243072549543406
-0.106974206984148
-0.181651319003895
0.100624052140667
-0.0507512272178743
-0.00782044812947608
-0.319767249576173
0.033173000163336
-0.159608914018245
-0.155155977685375
0.0588158286139356
0.147192347264168
0.153517526815982
0.131715715656759
0.171376681553321
0.0420844459385115
0.0152627176697673
0.197513407797105
-0.0842138035862803
0.0352709896263206
0.216489627163474
0.125461133016588
-0.11416279714647
0.018189881745335
0.17673790828225
0.197375788478886
-0.0680614756882844
0.223039046164821
0.0689050706250681
0.0350176887069968
0.00885848224364161
-0.0785421498590879
-0.291316427508262
0.0114865845810363
-0.115930673283017
-0.021132732815042
0.135697257346992
-0.317618078735316
-0.220717026806221
0.0606107383058554
0.135866815709334
-0.16443475866475
0.046677663545077
-0.24169203083638
-0.142335035901701
0.0579542878987275
-0.205484382853984
-0.190795130169559
-0.0763247608240594
0.170907752554378
-0.0927164642532572
0.126170964210924
-0.0912776806668797
0.129290348999984
-0.00899496639437175
-0.149398996639023
0.08592915506773
0.159138239548686
-0.178421538543055
-0.17162199907536
-0.0976943324198905
0.0203084635106434
0.126763861542228
0.152587899699077
0.132716220622418
-0.120821678507767
-0.165681413970574
0.0448921829868816
-0.264741269715306
-0.184229344143792
-0.0629852548041623
-0.182837792268284
0.0589403347890721
0.0537567281379481
-0.274738362465647
0.144586851026467
-0.0462192196986103
-0.212628226672484
-0.0220127516592012
0.141444413614682
-0.0604527745644965
0.132648244944953
0.137851344383126
0.161056167461094
-0.0204564015514461
-0.231420646897499
-0.0501709360475243
-0.115590292726215
-0.0444309343500837
-0.15640368623729
0.142222391287687
0.0411630890886793
0.208146559160177
0.0134670481744675
0.206776228092315
-0.176087050298003
0.0507756214631478
0.100294037217198
-0.0651485515746741
-0.0866153620294513
0.0888398259300303
-0.0010713771982957
-0.0707384613230239
-0.0750379221977487
0.0320827849001406
0.0170395698710859
-0.0029843748429082
-0.0739151595153317
-0.0487186540239404
0.0232850655318186
0.0158760839908436
-0.0108320295577898
0.220016857385159
-0.154609508561442
0.145661806607956
0.116594482168182
0.113757678523052
0.0545524615559538
0.207923153014223
-0.00564246214202785
0.0107187256421722
-0.0420088188061227
-0.248677874025522
-0.0964642693272172
-0.159893102134353
-0.078743581277224
0.20887130935608
0.0369149109511614
-0.0127629516527609
0.235177731831032
-0.225184712516072
-0.0892259499057158
-0.0048653488952321
0.0918750398142445
0.135402263376285
-0.173408782509957
-0.193423512917767
0.0174759394692796
-0.0250458538574554
-0.0682048668519545
-0.318126278158642
0.105004216749188
-0.200951108968273
0.106683428447603
-0.0502042406643233
-0.145162551305809
0.0345268593665849
-0.143476681973749
0.168362179342908
0.0173415602486731
0.0433359609173415
-0.142540231948779
0.013713020133553
0.0156008067631854
0.100424863483876
-0.0934987632375441
-0.0565460731839239
-0.0901562464392459
0.0293875444480367
-0.0357204370548634
0.196212632563358
-0.0152147559029605
-0.107035197291589
-0.197818536632552
0.00195092035447308
0.12999898611282
-0.0215413233397775
0.0921617828714114
-0.0631603052217044
0.0482994136522915
0.069126523231923
-0.0799984011565561
-0.148924776911587
0.234508566536599
0.1576436113445
0.019923072513834
-0.0383123123817899
0.0872020502720552
0.0808874297886499
0.141967301418135
-0.151195273644791
0.00567695550748015
0.212085262309202
0.161073290984576
0.0304110140828355
-0.133932288801671
-0.185335117271039
0.200714878341051
-0.0938053928558753
-0.0796673882825729
-0.0211409187395845
-0.0629591317405526
-0.026417692881986
0.134778300028374
-0.0994084153115657
0.295084795785268
-0.0558688193273094
-0.120755297704635
0.263046118562334
0.162292351450438
0.173547740051273
-0.0063669488786825
-0.205688708587672
-0.0230026568449848
-0.156178953013789
0.112322551650596
0.241999231712364
0.186844455437699
0.0870080647480613
-0.170410058097716
-0.038996970806982
-0.047800561776266
0.0589459046198803
0.028959977877234
-0.067965174289962
0.00210058246711364
0.142530929469548
0.0996854978932699
0.185123657254727
-0.0757886192900382
-0.126448097749511
0.204375943714371
0.0651061356807876
-0.0737544541458534
-0.183387431004039
-0.205428083153368
0.0968119120697879
-0.22924270155947
0.189117336279632
0.0476803922599723
0.192552013741873
0.0608746521756328
0.206500344694249
0.166508662947048
0.161053808340097
-0.234848535912273
0.147107240770071
0.0476001785163293
-0.0556115208598486
0.189518215960931
-0.0427629245352223
0.12314397054725
-0.103803597315296
-0.181836373357101
-0.151458181222512
-0.129043226171938
-0.108432023846712
0.155651250498608
0.0418004896512982
-0.0951433000143505
0.0797419485752739
0.153386548612005
0.0908303948102694
0.0821957808075673
0.107031045403856
-0.0985273987360568
-0.0750660926727513
0.0361123333219233
0.0407818822052494
0.0377408378417032
0.143870564228918
0.160832878793868
-0.279393795803939
-0.0797138004745996
0.196635199714697
0.0732881193011685
0.251271201991814
-0.0282771341975936
0.0143625499517729
0.0912010725180683
-0.0787473561941245
0.163129593532893
-0.0125053637614141
0.11262201457572
-0.144017076969719
-0.00661136172714849
-0.144584267948529
0.0420004447306594
0.0828563731190952
0.236706145478397
0.141671143390353
0.076414871328665
-0.107772729164023
0.100956723306958
0.168235503924055
0.119563822297332
-0.125068490622797
0.102521982065221
0.0304145627851962
-0.0567695254846623
-0.0686129344446713
0.0176582395246117
0.0817416444511475
-0.103641453174145
-0.159875965196861
0.0462090290141038
0.19195341120768
-0.199495893605232
-0.0936820321183523
-0.181927939975619
0.149455582575698
-0.00894099722601327
0.146754618821436
0.0473152621696775
-0.205895746245015
0.111793140270499
0.160523839701899
0.0810184797828685
0.0671704534586451
-0.173605721160149
0.0650227438752296
0.0793267700878477
-0.151495818849891
0.172372930867984
0.0805516598690902
0.110992170352175
-0.0585179913140843
0.0468334091279979
-0.208202451365333
-0.21746134625015
-0.116486469421943
-0.0171393577864074
0.0192034436717928
0.0409163356158488
0.0471690313781888
0.0578630122503529
-0.0909815675992979
0.116527856042331
-0.147336073011038
0.200123008483714
0.220903273959076
-0.0164875194740824
0.151602946637443
-0.0354126169091183
-0.0116069215818122
0.209596501351943
-0.0116497600213475
-0.0350735043689431
0.0543210572181827
-0.177472407813014
0.0265427991834803
-0.131287864949795
0.110161485318011
-0.104642288548269
0.0257091934103436
-0.294473967515196
-0.0212076917871767
0.0947658384015271
-0.0629699459118555
-0.0924084296493124
-0.189952322569303
0.0734706774954367
-0.188352624577247
-0.00463146173601536
0.146719498709887
-0.0448285485860707
0.226853707429103
-0.206476728255161
0.154359333424826
0.0540566999288069
0.059200921129744
-0.19602465152108
-0.149781535737701
0.247108891094136
0.173148240527349
-0.229436666977121
0.198991124124438
-0.022783979557953
-0.0357447234220892
0.109392302548106
-0.0184246773560333
-0.090902273726594
-0.0566795958792294
0.181960260693642
0.0421180502051782
0.0438190690592608
-0.313734564011882
-0.00683560438469638
-0.11652611067267
-0.357925219553008
-0.0994309734019301
0.0834648753164605
0.110707985494254
-0.13090658798449
0.120580544302306
0.0523794447626126
-0.0522581164634068
-0.0167088355390302
0.133372713748357
0.108553435265623
0.00879617818561368
-0.0651524926627355
0.0225714622474044
0.113732941940771
-0.0316073547878618
0.00436655842649319
0.00375803789873158
-0.34421989181056
0.143296029684674
0.108902343213624
0.163572202791793
-0.0651692344505746
0.207377702261736
-0.0952114650436828
-0.0102335636272016
-0.101786466718536
0.0742888385618465
0.0408970113391341
-0.0992052922737576
0.106194122568937
-0.127939459007249
-0.0602902537061691
-0.116797312772677
0.0754404076680283
-0.0368747403076256
-0.160879718892594
0.118095308440511
0.12703044159124
-0.00514944872108436
0.0448852201989529
0.0449402193829958
0.062468769568359
-0.0516319916380522
0.0720800786099621
-0.0681981430486747
0.0591599764828366
-0.041154232177059
-0.0844044293401708
-0.109201837920485
0.0316590906648652
0.0650278844258464
-0.292924701038119
0.00645791079783803
-0.0539529467282546
-0.0232817700924918
-0.100569620711296
0.0215749144139444
-0.211886906460791
0.158805685787443
0.0944468012496971
0.134866552927479
-0.0604390062092273
-0.145361006695154
-0.0589904824013192
-0.0970874289971069
0.0187798756095223
-0.0770924934527235
-0.0276940773783222
0.0598786198195966
0.135245501440826
-0.333805256416349
0.195854856415958
-0.0224545659783446
0.175027139061515
0.0110107319562958
-0.0946489594422404
-0.0312279634500942
0.184516055694932
-0.208662701050428
0.0813134846237713
0.200228048925184
0.0809053535079365
0.0693523817000667
-0.0529708207565546
0.0192714527471752
-0.0103259327261971
0.140450676197739
-0.165940158698749
-0.178936273809979
-0.202073207061347
-0.0154986733152421
-0.0760848463783066
0.0731179585055952
-0.242441892245786
0.0459466733414107
0.111406888957316
0.0667908347030305
-0.269717293069474
-0.154072284681
-0.122578697978255
0.0713536095863531
0.221685909559611
0.15576072107514
0.0661543042658809
0.197396124620023
-0.00144638541398945
0.212337494344
0.118557353394858
-0.171789090279227
-0.0918017138412262
0.0130110176705074
0.0641206658526694
-0.098902028756353
0.12771418933528
-0.164659279766172
-0.0407672460778613
-0.143004826957895
-0.127700218767944
-0.308411877140383
0.0275944761655271
-0.184152640956554
0.195634326313637
-0.0819814279020097
0.0112272740879484
0.0812729020416955
-0.00977639404971026
-0.0505982236448896
-0.078815083761298
-0.280090968368523
0.0622786366987698
0.189791099123071
0.210213248535173
-0.172590580907388
0.0744625971524848
0.0654257226886105
0.155509086763498
-0.139801801359251
0.0105209468253993
0.0436594449548551
-0.0258803319952254
0.116512728693437
0.0425753920712128
0.0545532582414132
-0.209615279554134
-0.113399126051953
0.0768216415679356
0.0484299783538772
-0.126759886759265
0.113526173201558
0.143747180680739
0.140078142766536
-0.0835663160662372
-0.100536284641044
-0.406273618872343
-0.0340887308267218
0.312055793441813
0.0745918225367878
-0.121418874183545
0.107243232281719
0.0676527559055852
-0.143848816125779
0.145202442399687
-0.075670224251431
0.0602058077149126
0.112770501056883
0.151135266955556
0.143480754660973
-0.114216296692138
0.134918155852058
-0.114129914712767
0.180392186293788
0.178700527545908
0.00390877154480734
0.0535039715841412
-0.0546519514896897
0.015060993595243
0.138775707239809
0.253381460945419
-0.152332050406429
0.199508571843671
0.123430225052444
-0.131012758398882
0.13327224131158
0.105887315193682
0.210204251690606
-0.149589484505723
-0.158977519475816
-0.110477302556822
0.240773678308269
0.12106888278112
0.0653895340987374
0.18547404050104
-0.014553673595589
0.0366073156253666
0.170356562137483
0.110053893675654
-0.142846783657585
0.129108823997377
-0.00631303346092871
-0.0388109105465161
0.0331028111278277
-0.0215844881311338
0.0698729948176159
0.0556776906618041
-0.0278017413147619
0.172103272695832
0.02154932911577
0.243491242325343
-0.264074389791019
-0.341089490439808
0.0423976221891584
0.121829273815461
0.13789520073848
0.0744016251108608
0.0840512999012653
0.113298631626289
0.23636985775261
0.153818116810221
0.116271384343699
-0.158025338766749
-0.148134290462003
-0.160819857433881
0.0581837088130704
-0.094363052419222
0.173006712097293
-0.0771244088804389
0.0521647655614683
0.11009543810541
0.0442789315262999
-0.325501027597569
-0.17436417610595
0.0175732490025888
-0.0302544704007197
-0.139722823906193
0.19844532132539
-0.278193703235935
-0.0329617113568543
0.000594919595932664
-0.0187365077798359
-0.153001107251238
0.0367076375422209
0.116891608489036
-0.173915103374596
0.0713389451459964
0.179928852623112
-0.090344516938505
-0.171538775924073
-0.14704860779402
0.0759745051262666
0.0686040063232313
0.222317295011399
0.239466314831134
0.00658701076330115
0.00505311440554618
-0.23642954194855
-0.00755790418937713
-0.130487383135916
0.0872365343624572
0.0582615059366671
-0.099609340549835
-0.144132017037052
0.0686203183765475
-0.0236517041723723
-0.011449152080499
-0.299545275848081
0.0218393357570598
0.038885759642413
0.120864602638126
0.0607573794218377
-0.0595560419326643
-0.012584480139741
0.0119880216448313
0.0121519225058458
0.0334945000498971
0.0879361069088485
0.0022609100283118
0.0186568175197852
0.0259471314660008
-0.042201138553557
-0.133909752116508
0.202921696187778
0.00694053725248706
-0.212663299488383
0.156212419998218
0.271116543199088
0.0944127212011238
0.0296179628862817
-0.00681042069559645
-0.010488334722854
-0.00819667933213292
-0.0447907261012628
0.123029678366091
0.0112333217630229
0.012315123345897
0.237011254424892
0.155291603135729
-0.101981956758238
-0.148368966457147
-0.0871054510662788
-0.00142228129938565
0.056985502584071
0.106046225385558
-0.148126171111499
0.0599827862804822
-0.0721466213647549
-0.120373202409202
0.155267587527632
0.0213187548792486
-0.0937880208672563
0.191519714630345
-0.185294180639016
0.15401941165884
0.0510822063796024
0.171710948123479
-0.166788473061715
0.248760193554972
0.0219219678113446
0.148077965434061
0.048599165730239
0.0638997335527131
-0.0725787685013429
0.0363937341874592
-0.130432527215696
0.0168073116587465
-0.0867034917207129
-0.0984147498880873
0.141452018917539
0.236279080765602
-0.153825665303689
-0.1142024431159
0.0879382803585083
0.1394989898619
0.0900369457791473
0.210037840972228
0.150446665076142
0.0926987351675363
0.203367785211618
-0.236625120097766
-0.158672972072699
0.00108012922351869
-0.0710925383213964
0.195143227883602
0.10954142972286
-0.0966943713361486
0.168125735759009
0.172567243468402
0.0870309787613263
-0.254800327887429
-0.213620046968837
-0.062433636685334
-0.259524812526286
-0.0661939342158831
-0.00163863093064726
-0.0888606413808992
0.194019489408085
0.116840256220244
-0.249293358564537
0.160252816537681
-0.246812914706959
-0.0668569911688983
0.298012482579171
0.0466781431378173
0.0550824067805392
0.0378224764913492
-0.14930471300172
0.020680832833867
-0.0123626865056444
0.0332425039859019
-0.23728283330911
-0.284324161383232
0.0142373276590017
0.0472336576280074
0.0772978257469542
-0.0853504700552884
0.0257620906439771
0.089682389032866
-0.117658093461282
0.0626690471054425
0.15531595581576
0.0811284057964534
-0.208981170940763
0.106930943689817
0.06388629615282
-0.0513120726241799
0.0296727306917444
-0.0144929750277072
-0.162315171230881
-0.0488604663914597
0.0432743793503517
0.0113475977944506
-0.0903487347814255
-0.157759758749259
-0.0309812183127725
-0.0412407762118259
-0.0615492174213902
-0.21828390473615
-0.18969484682659
0.0776000760260314
0.205413981196772
0.17414333663188
0.0905835231425376
0.164642391132174
0.0670134387346675
0.198318930555155
0.0295633480990519
0.087026039886169
0.00282042675023791
0.0654516553327742
0.168624477227761
-0.00964904591547355
0.032528971028596
-0.0634013890973524
-0.117767426561634
-0.102047152287265
0.0727370834729207
0.0444692746186289
-0.15093121096125
-0.124273825883236
-0.0321960506570657
0.0240441692602828
-0.0486472676069645
0.100837247983233
0.12083988759613
-0.11635788772742
0.170755685856148
0.116111369616314
-0.0830782068199269
0.243418089631852
-0.0273412119581248
0.000576490525971363
-0.232593353924933
-0.046069993250008
-0.320308665819352
0.0280933928829085
0.132984143299997
-0.134020645921437
0.120436370227299
0.144119624001373
-0.11215662816628
-0.0123952292018287
0.158192765287218
0.152742511789591
-0.160812155086374
0.107593182011383
0.038221509825895
0.177712383859884
0.00544866242490316
0.159565259602641
-0.116067654954096
-0.0431049705514848
0.141466975676109
0.0997891195908978
-0.135440640525063
0.0455408437897082
-0.112609597994697
-0.0050205487561763
-0.0245791676173058
-0.0301898646682481
-0.116246398541527
-0.0635519393299104
-0.271555534556149
-0.0483707567912114
0.206326964408264
-0.260114637237044
0.0419388803085916
0.129937242802334
-0.251972016797318
0.107596664887099
-0.16805198749955
-0.235781703734162
0.0613815223897196
-0.218169505834594
0.179414624739539
-0.055516298285782
0.117441002231685
0.0853607226720579
0.119924153610546
-0.00477069505575567
0.315832438112004
-0.303119134657589
-0.177662330603832
0.281305126483014
-0.160938796875245
0.195237552933223
0.0988972915964788
-0.121169367044526
0.123321629884215
0.147630875573049
0.252609128240017
0.0617892480579769
0.0408101619059745
0.164359257971461
-0.0340852280681911
0.0182578690707749
0.0380954756507927
-0.285205571182097
-0.00745990705607041
0.0774970015395828
-0.0681700421369231
0.0734218286918958
0.116304041648987
-0.0344789160249624
0.164504832649403
-0.152043647661863
0.00520912792332084
0.050464414813419
-0.0854550859929687
0.0825459432886908
-0.258607598216946
0.147300479363829
0.114038653266286
0.148314462389278
-0.222882497739023
0.109177941808278
0.252290153965323
-0.0945862199086475
0.24112253322693
-0.130663839596527
-0.0614583596501646
0.00338369287368034
0.141732933552804
-0.0718167766791795
0.130445824923466
0.092008768469291
0.102872729518348
0.163378442012789
0.212481560877279
-0.0893771106729954
-0.172729332713835
0.236591382312071
-0.0198148056347457
0.10716068800672
0.118846486924534
-0.0297553767288319
0.000790743525079907
0.188004545219871
0.0523071173042173
-0.226437220471532
0.166747415749766
0.177251503388317
0.123403840709184
-0.0454243428831845
-0.231827050410636
0.0168133014668085
0.151458263793461
-0.159659006556484
0.0849698772307195
-0.137912753734866
0.0177505493629561
-0.107509511664824
0.0339673162460878
0.0487586093589946
0.206424659243977
0.00715185340914365
-0.0528096887416917
0.111429035285365
-0.0329815617881266
0.110328349916559
0.0331640404806592
0.0450395998142123
-0.250955864666127
0.0592175736056182
-0.134365400302917
-0.294527474190139
-0.205655206892987
-0.140038598930316
0.0110553869453777
0.113662230537516
0.0441718746346751
0.0737963298257455
-0.139680481355366
-0.179282865521189
0.221654862368268
0.0516002740747211
0.0622093606483166
-0.136294365092135
0.108791166758141
-0.00858998790333521
-0.1976770001057
-0.0543011263938344
0.184927698352322
-0.0443655800085238
0.172325641033753
0.121593155246835
-0.10267361483111
0.0874709432972291
0.133765178747538
0.129191145390876
0.0413056880630203
0.174822251419366
0.0567682050330434
-0.0897752875082874
0.150442256037057
0.0298196281697837
-0.101251863110153
0.0510064477351662
0.159595009969077
0.0612064948401446
-0.28581352061628
0.0989078200189348
0.13647606727658
0.0384466491119338
0.2334092020269
-0.0410870484884575
-0.0878455227438429
-0.100485508240281
0.0738137703565336
-0.124816897721994
0.0492088908583775
0.0718443637837509
-0.0965850152086944
0.134652340784245
0.0288390332652009
0.212604064682416
0.120055923325933
0.0572626162610554
